    -34.1791 86.8494 137.896
    -34.0325 81.0074 138.492
    -33.9566 79.5107 144.816
    -33.8996 85.5694 134.562
    -33.8304 83.8807 144.46
    -33.6504 77.8503 139.276
    -33.8135 82.6615 151.358
    -33.7779 87.1974 152.159
    -33.6016 78.2035 150.135
    -33.5744 92.0372 135.948
    -33.2766 73.8674 144.706
    -33.537 91.3378 129.626
    -33.565 88.1013 144.029
    -33.4292 96.1496 130.614
    -33.4491 45.8642 133.73
    -33.3584 92.1133 124.87
    -33.316 88.3589 128.46
    -33.3542 95.527 125.345
    -33.2134 38.1959 132.78
    -33.3515 43.2917 129.182
    -32.9953 89.348 124.126
    -32.7471 95.189 139.106
    -32.9843 50.6832 130.348
    -33.0615 73.6704 149.763
    -32.8556 75.0185 140.258
    -33.0276 92.9143 145.809
    -33.0111 91.9469 152.559
    -32.6736 83.8712 128.197
    -32.883 71.3459 149.589
    -32.7921 91.7026 119.409
    -32.3781 99.9859 126.073
    -32.8383 42.3893 138.831
    -32.3365 33.0863 127.279
    -32.426 97.2477 120.916
    -32.2793 54.2548 135.266
    -32.7046 49.6203 126.637
    -32.5524 36.128 138.011
    -32.5101 40.7421 124.552
    -31.9936 101.023 132.317
    -32.4444 78.9508 157.891
    -31.0245 83.3456 118.168
    -31.2607 95.5382 112.865
    -32.0633 50.5377 140.287
    -32.1535 74.1291 156.773
    -32.1505 84.8185 158.714
    -30.9609 66.386 149.006
    -31.9554 28.6563 131.717
    -31.9935 96.9315 146.028
    -31.3097 57.6298 127.739
    -31.229 88.5306 112.911
    -31.4388 99.7407 139.697
    -31.1873 68.6193 144.043
    -30.5537 69.3963 139.564
    -30.5013 64.9662 134.506
    -31.5304 70.6973 155.442
    -31.1473 99.7182 115.858
    -30.7823 78.9646 124.838
    -31.4988 32.1149 122.998
    -31.4516 78.1219 129.198
    -31.6111 45.7003 121.615
    -31.558 101.997 123.693
    -30.4834 53.3863 121.399
    -31.0851 58.7331 141.891
    -30.7512 22.9548 136.651
    -30.5791 86.1687 114.33
    -30.6802 23.4191 126.368
    -30.5785 21.3025 130.93
    -30.7894 64.6882 138.322
    -30.782 36.5843 119.442
    -31.1524 41.6593 144.486
    -30.9259 33.5246 143.494
    -30.8003 99.1455 105.693
    -30.7906 91.0548 110.707
    -30.7874 94.5081 105.425
    -30.2432 103.396 119.318
    -29.9649 73.759 130.053
    -30.7022 93.3757 108.149
    -30.8406 64.7339 143.201
    -30.1643 101.647 105.848
    -30.1395 54.2912 146.895
    -30.6074 66.7776 154.459
    -30.3238 25.0261 122.327
    -29.6201 70.8315 133.572
    -30.7468 91.6307 159.136
    -30.2559 104.651 129.484
    -30.7302 97.6301 152.77
    -30.2495 103.507 137.1
    -30.3688 72.6248 162.109
    -30.3064 78.8235 163.024
    -30.193 96.3323 103.003
    -29.9089 83.1365 113.287
    -30.0486 61.6154 148.146
    -29.7332 105.395 124.735
    -29.2574 103.734 144.218
    -29.8156 67.8824 160.886
    -29.5086 20.9094 141.75
    -29.077 76.634 120.331
    -29.2482 68.4054 131.271
    -29.7539 47.7334 117.542
    -29.612 28.0969 118.259
    -29.5889 64.4178 154.042
    -28.418 101.934 99.4621
    -29.1381 97.4839 99.9753
    -29.4416 86.8065 109.173
    -29.6141 90.9029 104.231
    -29.1442 104.278 108.746
    -29.4013 86.6283 163.652
    -29.1973 59.4351 122.46
    -28.4419 12.2189 135.82
    -28.9929 37.7107 115.456
    -29.3098 -28.447 130.629
    -29.1592 -25.2251 128.951
    -29.253 -24.0322 127.331
    -29.1351 96.3048 93.1328
    -29.1131 92.8146 100.883
    -29.0548 98.7615 88.5443
    -28.7269 -17.0179 122.141
    -28.6595 -32.4841 126.318
    -28.8258 -24.3581 134.37
    -28.9868 -21.437 115.917
    -28.5428 -21.2853 119.039
    -28.8465 100.08 92.8447
    -28.6059 -21.2289 132.597
    -28.5991 -30.3888 122.061
    -28.2443 20.6416 118.155
    -28.5875 106.64 135.514
    -28.7082 -27.357 123.726
    -28.621 60.0551 152.98
    -28.2713 -19.6445 113.36
    -27.5658 76.538 115.096
    -28.2884 105.255 105.495
    -28.2905 -25.7398 137.654
    -28.2953 103.039 92.5707
    -28.5596 39.5911 149.85
    -28.5566 97.9798 158.606
    -28.5686 93.6554 91.3358
    -28.4134 102.896 86.7545
    -28.1827 64.4002 158.526
    -27.7384 67.2922 124.414
    -28.4005 -16.2499 130.322
    -28.1625 -27.2177 116.713
    -28.3819 101.578 83.0986
    -26.8787 9.46913 123.359
    -27.0906 7.68578 140.766
    -28.2363 27.9017 147.91
    -28.0714 -14.5748 118.048
    -27.9517 -14.0318 124.894
    -28.2067 51.4165 151.489
    -28.327 -30.4511 134.053
    -27.0026 6.74108 130.649
    -27.8149 70.4265 125.826
    -27.4507 108.186 123.127
    -27.5857 -34.2485 122.269
    -28.3259 102.298 152.896
    -28.2255 89.0409 100.922
    -27.4063 72.2465 122.326
    -27.8308 -23.1776 112.567
    -28.1652 93.7999 163.589
    -27.3685 108.525 133.376
    -28.0437 86.986 104.31
    -27.9776 85.0368 106.429
    -27.4583 104.521 99.1709
    -28.0579 74.743 166.832
    -27.8801 -18.662 116.58
    -27.6458 -28.1952 139.657
    -28.034 68.8631 165.477
    -26.5034 79.0973 111.139
    -27.5071 26.681 114.037
    -27.8246 -11.9825 125.87
    -27.7766 -15.3943 135.166
    -27.4605 -32.2873 118.329
    -27.788 97.8096 83.8511
    -27.5159 104.615 94.7605
    -27.2743 15.2312 145.589
    -26.6475 10.0343 144.745
    -26.5479 108.017 77.3076
    -27.2673 -19.7662 141.67
    -27.1614 -10.7833 120.647
    -28.1191 -33.3407 129.436
    -26.9847 -13.2474 115.04
    -28.3481 83.9517 110.206
    -27.2354 61.824 157.63
    -26.4224 -15.7814 112.657
    -27.2833 49.4236 113.535
    -27.1155 -17.98 139.216
    -27.3974 -23.2775 142.493
    -27.1096 101.687 79.1309
    -26.6802 -34.1553 134.683
    -27.3631 55.6943 116.266
    -27.2731 106.425 86.0767
    -27.2603 82.869 167.606
    -26.995 -9.13625 127.794
    -26.2213 106.187 73.5544
    -26.9818 64.3108 163.235
    -26.2373 1.96848 138.998
    -27.3941 20.7233 147.706
    -26.534 -31.6496 115.652
    -26.5921 64.6385 120.069
    -26.8824 -31.5807 137.926
    -26.8759 90.6657 91.6119
    -25.505 -38.8797 127.866
    -26.4143 107.525 81.9715
    -26.1744 1.6455 134.123
    -26.6986 94.193 85.3943
    -26.687 57.7998 156.308
    -25.9283 109.889 131.299
    -25.8384 -6.89528 122.034
    -26.4783 107.619 87.7939
    -26.8163 108.613 1.22819
    -26.5996 39.7927 111.664
    -25.4565 -38.652 123.226
    -26.2602 69.7564 121.68
    -25.4316 108.865 113.018
    -25.9829 -9.57565 116.069
    -25.1426 -36.6196 117.896
    -26.5415 104.235 0.180788
    -25.5455 6.97054 119.218
    -26.1749 108.667 0.643148
    -26.2388 18.5817 114.074
    -26.4069 90.2769 167.632
    -25.9505 85.5844 102.479
    -24.7615 108.215 100.44
    -25.4422 -6.34309 129.269
    -26.3442 -26.0114 144.423
    -26.2366 108.927 4.36469
    -26.2762 -10.3108 136.648
    -25.9881 104.581 -0.451831
    -25.9302 48.7117 154.912
    -25.6867 -20.0371 107.883
    -26.1409 102.404 158.058
    -24.9519 108.237 152.272
    -25.0864 -31.8216 141.775
    -25.5677 -16.2706 108.767
    -25.6536 -10.5245 141.132
    -25.3429 100.095 163.058
    -24.4253 108.667 105.702
    -25.0534 -1.40489 125.54
    -25.6181 1.16945 142.502
    -25.2721 13.0218 149.55
    -25.9577 36.7295 153.448
    -24.9004 109.781 146.547
    -25.5973 107.83 91.5318
    -24.4458 23.3509 153.054
    -25.799 -20.7708 147.319
    -25.7849 -17.5511 146.445
    -25.7812 98.329 79.0584
    -25.2451 -29.0714 144.37
    -24.5856 -32.8054 112.973
    -25.5828 82.1212 106.705
    -25.1077 103.246 -0.345007
    -25.4028 -6.97853 136.718
    -24.6753 109.409 94.1733
    -25.065 109.567 8.14053
    -24.6329 -11.7675 109.891
    -24.6439 109.281 69.3943
    -25.396 80.9794 108.986
    -24.7635 -37.5491 136.888
    -24.378 111.445 124.324
    -24.9804 -24.3676 108.459
    -25.1584 71.9068 117.526
    -24.9838 27.4266 109.861
    -25.4874 -4.05599 137.051
    -24.6353 8.47554 115.341
    -24.2178 -13.5118 108.556
    -25.3083 -5.7675 124.918
    -24.8695 107.172 8.53323
    -25.199 60.9569 160.338
    -25.3177 95.3583 167.145
    -25.3499 111.342 65.0444
    -24.0572 111.952 75.6263
    -25.1582 110.281 8.80295
    -23.9804 112.237 78.9594
    -25.0249 64.4727 117.359
    -24.8946 101.471 -0.887232
    -24.5509 -13.7476 145.837
    -24.8338 -7.02879 118.378
    -25.268 112.957 2.60096
    -25.0015 114.595 64.8848
    -24.9606 -6.68694 141.219
    -24.8062 111.549 69.3378
    -24.9826 51.2882 111.178
    -24.5957 110.318 73.2837
    -24.6144 -1.37999 121.734
    -24.4109 114.521 59.7635
    -24.7111 112.19 58.3601
    -24.5113 -5.3586 120.56
    -24.9749 57.4143 113.625
    -23.9604 105.706 8.059
    -23.1408 114.716 2.10177
    -23.2742 106.626 158.236
    -23.797 -29.9978 146.014
    -23.5565 -39.9596 116.938
    -24.5627 69.1223 118.419
    -23.8765 16.4793 152.793
    -23.024 104.036 70.9526
    -24.4343 -23.7577 149.265
    -24.6907 66.6971 168.122
    -24.603 -18.8067 104.494
    -24.6437 89.4162 91.0665
    -24.6322 72.2327 170.085
    -23.8974 114.535 8.70209
    -22.6302 111.696 89.8586
    -23.913 112.968 71.0456
    -24.5881 92.0291 86.2634
    -23.9512 111.514 139.53
    -24.7446 -20.2712 95.8586
    -24.2447 2.09 148.084
    -24.1988 45.6009 109.075
    -24.2608 -17.6306 96.1886
    -23.8144 -23.0446 104.457
    -23.9697 -24.5139 93.6795
    -24.1271 107.989 68.642
    -25.533 110.276 1.89032
    -23.9724 -15.6099 101.179
    -23.9661 -17.4624 92.6443
    -24.2276 109.637 61.8375
    -22.2762 107.888 14.217
    -24.273 110.364 57.1866
    -23.8121 -8.79497 111.095
    -24.2903 63.9358 166.546
    -23.912 -20.0253 90.4673
    -23.9892 19.7268 109.795
    -24.0682 -7.56807 113.623
    -20.1363 106.649 1.39984
    -23.3596 116.532 66.7303
    -22.9563 -37.4866 111.837
    -24.0437 98.1405 77.4186
    -24.0074 -18.5449 101.631
    -24.0799 72.8974 114.339
    -23.7688 98.9735 166.585
    -23.9449 55.1347 158.993
    -23.8762 85.426 100.348
    -23.6181 66.6274 117.081
    -21.1227 114.147 85.0664
    -23.7909 -7.07444 146.811
    -22.9985 30.0145 156.008
    -23.3343 -0.628676 116.253
    -23.9078 80.2997 170.97
    -23.0366 111.45 53.2344
    -23.8507 61.5052 164.093
    -22.854 -25.9934 104.764
    -22.2184 -30.0421 108.176
    -22.7436 -41.7097 118.966
    -23.7277 105.106 8.30583
    -22.8771 116.578 61.2479
    -23.195 115.36 56.5083
    -22.7566 111.554 152.02
    -24.1885 113.396 7.92819
    -22.8918 -26.34 91.4216
    -22.4982 -13.111 91.6551
    -23.542 11.8141 111.473
    -21.7653 100.58 -1.57187
    -22.7729 103.317 5.27018
    -23.3242 79.7175 108.771
    -23.3446 -10.5023 105.891
    -23.2422 70.3624 117.102
    -23.429 83.0965 104.36
    -23.4461 81.0446 106.124
    -21.9111 -30.5611 149.749
    -22.7142 31.702 106.831
    -23.1765 60.0094 162.404
    -22.4732 -11.3555 98.1293
    -22.7867 51.494 109.382
    -22.9113 115.941 3.57112
    -22.6026 113.143 145.576
    -23.1797 105.479 10.9241
    -23.0475 91.3534 170.564
    -23.3241 114.623 23.1966
    -22.6396 -34.5581 145.317
    -23.1879 110.974 12.0626
    -23.0759 112.521 25.5843
    -22.2734 114.505 73.2541
    -22.6965 111.521 22.7921
    -22.8822 -18.2393 87.7392
    -22.8722 109.672 100.732
    -23.3098 -37.4606 11.6355
    -22.9684 108.817 58.3312
    -22.2678 106.256 67.431
    -23.0251 111.532 113.759
    -21.8249 -5.55555 113.005
    -22.9152 113.149 51.6816
    -22.4788 113.672 80.5513
    -23.121 -40.0727 8.67177
    -22.6778 -26.0254 101.956
    -22.6456 114.381 20.3285
    -22.8778 -16.0409 152.639
    -23.5955 58.7783 113
    -22.0659 117.774 68.6803
    -22.6256 -37.0036 11.1058
    -21.9789 99.9595 -1.10522
    -22.0901 -27.7724 95.0833
    -22.5524 4.18203 152.835
    -21.5416 115.109 134.594
    -22.9146 116.049 21.5087
    -22.3463 -13.4852 89.41
    -22.2782 -28.6014 85.4588
    -22.4173 -39.85 8.15961
    -22.5792 -16.9862 86.0646
    -22.0129 109.899 53.0078
    -22.3173 -27.377 91.8423
    -22.0185 112.528 30.0486
    -21.0605 -33.2277 80.7176
    -22.3294 110.277 14.7229
    -21.5064 114.731 122.206
    -22.3453 115.434 52.8975
    -22.3508 113.998 40.4061
    -21.8006 -11.899 153.105
    -21.9509 115.766 27.0243
    -22.1874 117.335 7.69544
    -20.6602 100.616 -1.05279
    -22.2795 110.751 18.3217
    -21.7297 111.178 30.6202
    -21.6007 -9.69139 99.2187
    -20.5561 -40.7433 142.248
    -21.8609 113.062 19.5842
    -22.1517 -37.7063 110.563
    -19.1351 67.8793 115.879
    -21.8611 106.445 14.2198
    -22.2253 -19.6791 153.638
    -21.6867 116.161 10.3018
    -21.8517 23.9539 106.281
    -22.1371 113.931 28.6882
    -21.5329 -40.9972 7.60558
    -21.1697 115.68 129.233
    -20.8015 110.427 103.421
    -21.973 88.0883 93.0342
    -20.2565 -8.00607 155.216
    -21.1224 34.8867 158.415
    -20.9209 -41.9386 113.112
    -23.4524 -41.295 130.941
    -20.5975 -36.2835 20.1527
    -21.85 -5.37751 152.016
    -21.9927 91.3137 86.747
    -21.8147 117.602 19.4329
    -21.5445 -39.3116 18.3671
    -21.6821 97.2387 169.721
    -21.4572 98.9019 75.9587
    -21.347 -27.7931 151.729
    -21.1763 69.5177 116.772
    -21.0305 103.321 8.84933
    -22.1064 -41.6852 6.78251
    -21.6351 109.475 22.6065
    -21.2765 103.207 164.986
    -21.7372 112.746 13.4592
    -22.1639 114.405 3.10166
    -21.5834 52.7988 160.85
    -21.7828 115.746 40.5372
    -21.8115 -14.6286 86.1826
    -20.8269 118.148 54.3412
    -21.5194 85.7696 99.8001
    -21.2673 -41.6828 16.9126
    -21.253 119.72 70.4189
    -20.4284 103.41 11.396
    -20.9487 -24.8213 81.1177
    -22.7639 45.5654 158.094
    -21.0233 117.295 74.608
    -21.729 -34.3257 14.6416
    -21.6114 107.574 60.0148
    -20.19 71.2147 115.582
    -20.4929 -33.6993 77.4315
    -21.5161 0.641778 111.396
    -21.4769 -41.0483 19.7937
    -21.4809 7.58369 108.984
    -21.4894 15.2588 107.01
    -21.8837 -11.9546 93.8694
    -21.2733 111.072 107.335
    -19.4168 -37.8709 149.017
    -20.3625 117.468 6.86837
    -20.0978 119.944 63.535
    -21.3902 74.0843 112.756
    -20.8272 110.179 32.3888
    -21.1014 116.509 44.4007
    -19.6324 -32.6964 15.3376
    -20.7448 114.486 17.8122
    -20.2596 108.85 53.5817
    -19.4051 -33.439 105.618
    -19.3472 102.675 6.38393
    -21.3238 46.987 107.052
    -21.2436 84.0751 103.384
    -21.3357 110.942 96.0773
    -21.1014 -16.583 83.3675
    -21.2525 -6.87816 109.232
    -20.6934 -23.0187 80.6023
    -20.7067 -29.356 104.488
    -21.2091 -8.66441 103.078
    -20.5051 113.645 15.6714
    -20.9897 -36.6176 20.9015
    -21.1605 42.2632 105.973
    -21.3506 81.344 105.772
    -20.4221 -44.115 129.476
    -21.0273 113.522 114.373
    -20.8554 105.54 14.5148
    -19.3886 -36.9369 85.1778
    -20.1241 -38.0217 78.871
    -20.2096 -29.3597 92.3448
    -20.4169 119.243 26.6323
    -21.0312 79.7227 108.535
    -20.3531 -43.8644 17.3131
    -21.0346 117.199 27.9205
    -20.5484 118.069 45.4259
    -20.3722 -29.4592 78.035
    -21.6415 -43.5514 124.264
    -20.941 117.248 35.8135
    -20.853 108.512 158.863
    -20.3003 119.145 18.7307
    -20.0999 115.053 12.2855
    -21.9942 -36.2684 12.9801
    -19.5317 103.262 8.31923
    -20.134 108.026 1.31343
    -20.2526 32.3207 104.517
    -18.9735 104.404 0.539188
    -20.9192 24.5989 157.471
    -20.1481 -22.3392 155.487
    -21.3545 109.172 27.2287
    -20.3007 109.683 36.2992
    -20.6832 -46.1387 62.0674
    -20.6652 115.135 145.628
    -20.6538 -45.2682 65.7105
    -20.195 116.846 9.45593
    -20.5701 108.58 22.7184
    -20.6153 -47.5896 67.5382
    -20.6709 -42.5868 69.5726
    -20.3529 117.965 75.2113
    -20.5663 -45.1116 71.0532
    -20.6306 113.563 152.241
    -20.2266 117.332 17.6966
    -20.5222 -44.5562 62.2075
    -20.1345 119.561 35.0051
    -19.6292 -29.225 99.8951
    -16.5781 -38.9989 10.8015
    -20.4572 120.676 70.4448
    -18.9771 -43.2483 5.51214
    -20.024 118.682 54.3468
    -20.3942 65.0014 170.243
    -20.1075 -48.7394 63.3098
    -20.1234 -42.5279 138.279
    -19.1319 -31.1041 90.812
    -20.3845 106.11 65.9007
    -19.5074 -5.67651 108.495
    -19.7734 -21.6228 79.8204
    -19.6801 57.7414 110.55
    -19.6587 -33.8661 88.7481
    -20.1578 -12.7392 85.1553
    -19.8036 118.554 47.0138
    -20.2527 -40.0782 68.2553
    -19.9016 -39.1439 74.7089
    -19.6263 106.516 62.726
    -17.9198 99.6328 -1.1776
    -19.4349 -3.75521 108.459
    -16.4343 100.569 -1.60486
    -19.966 -10.4487 88.1386
    -20.0191 9.43588 157.339
    -18.7656 -41.4675 24.7166
    -19.7911 -8.92183 93.3788
    -19.4262 -43.6694 15.8055
    -20.0843 1.08399 108.714
    -17.9357 -42.7863 5.50295
    -20.0474 -43.046 33.2837
    -20.0085 -44.1264 116.732
    -19.8145 25.0901 104.136
    -19.899 -42.3688 65.7376
    -19.9406 -44.1256 31.0118
    -19.4557 86.729 100.661
    -19.691 -45.8492 34.1212
    -19.6948 110.885 96.8059
    -18.8338 -45.3624 21.1682
    -17.9393 115.27 3.80939
    -19.6641 -49.3825 67.5712
    -19.8843 71.411 173.172
    -19.865 7.85154 106.482
    -19.7304 -37.0928 71.377
    -19.4152 -32.3903 17.1987
    -19.1868 -44.0795 22.7433
    -18.8978 -36.2707 23.2477
    -19.2673 119.877 18.0113
    -19.0866 117.257 77.4687
    -19.8015 -46.8475 71.8652
    -18.9157 118.551 17.2431
    -19.3425 110.941 103.165
    -19.0092 -36.0922 69.3393
    -18.1825 -43.2921 78.6188
    -19.6971 15.5053 104.69
    -16.9788 -9.29108 160.875
    -19.2682 -43.4031 75.1462
    -19.1852 109.364 33.7679
    -19.2526 -1.21678 157.566
    -19.5192 105.156 14.401
    -19.1347 117.587 131.102
    -18.9628 108.068 28.3523
    -18.8088 89.2455 91.9389
    -19.4074 91.4345 87.5688
    -19.0498 -47.3976 31.1057
    -19.2781 -108.198 201.221
    -18.655 88.0527 95.2815
    -18.8297 -42.1643 146.684
    -18.856 -38.9631 107.685
    -19.336 -46.0753 58.2862
    -19.2601 -105.759 194.889
    -18.7394 -39.3561 32.5347
    -19.3119 -43.9319 58.8817
    -19.1401 119.429 33.238
    -19.1136 -43.1873 142.251
    -17.587 45.2344 162.195
    -17.359 -32.3305 102.209
    -18.7623 -39.9536 31.1324
    -19.115 120.673 71.1117
    -18.8042 114.687 113.907
    -18.6378 -105.621 192.072
    -18.74 118.089 53.0392
    -18.9639 119.137 59.376
    -16.4868 -31.287 157.717
    -19.2031 108.043 22.4597
    -19.4763 82.1232 105.86
    -18.4449 116.778 6.36374
    -18.751 -43.8808 25.1987
    -19.2122 79.4938 174.02
    -19.1832 115.429 17.0675
    -18.5377 115.962 5.27785
    -18.9409 74.1661 113.334
    -19.0841 121.026 67.8537
    -18.67 117.897 43.9035
    -19.1067 60.534 167.091
    -19.5257 104.28 69.2248
    -18.445 114.531 15.2734
    -18.7108 -44.0747 27.6303
    -18.3532 106.178 66.1773
    -19.385 119.475 21.1807
    -18.3897 -42.2991 36.0017
    -17.8624 -46.3973 128.781
    -18.4607 -33.1126 21.9883
    -18.2997 109.213 50.3698
    -16.35 81.8138 108.227
    -17.672 51.2224 163.65
    -18.5967 116.854 122.56
    -18.4725 -44.5281 37.6364
    -17.4935 103.278 8.86478
    -18.1331 -28.8219 72.6033
    -18.8786 -14.38 158.354
    -18.1778 -42.8321 109.58
    -18.6412 -42.7582 29.3412
    -18.2718 -46.3052 26.5571
    -17.4901 -104.26 188.943
    -18.7619 86.6242 173.609
    -18.7646 114.383 84.4417
    -18.4529 29.4492 159.953
    -17.9268 -45.2675 136.65
    -18.7529 -33.5191 21.2793
    -18.6674 -44.6192 55.1895
    -17.5991 -39.1051 35.2068
    -18.6525 116.624 145.716
    -18.3373 -48.1233 34.4866
    -17.3447 57.3096 166.513
    -17.8653 -39.3741 25.2254
    -17.5387 -49.2455 72.2167
    -18.2026 110.451 96.9656
    -18.0167 -26.1523 156.677
    -18.0547 101.746 168.818
    -18.4794 110.149 159.005
    -18.2604 -106.898 198.637
    -18.1684 -105.505 196.758
    -17.8711 71.0135 115.985
    -18.0636 109.508 33.8977
    -17.7964 -45.4638 16.2337
    -18.4089 -7.09892 103.346
    -18.1465 -47.5468 54.2733
    -17.1702 -102.997 188.842
    -18.5687 -14.5435 81.8457
    -18.2112 -45.9738 38.4605
    -18.6441 -33.4051 16.0602
    -18.3195 -11.4843 83.899
    -18.0749 92.9398 172.934
    -17.4939 118.114 26.8465
    -18.0137 120.216 67.0683
    -18.1693 88.6746 98.5987
    -17.0362 -32.5977 20.3958
    -17.1133 -49.0546 55.8898
    -16.5851 -51.6246 67.1765
    -17.8893 118.225 136.195
    -17.7227 106.751 1.43996
    -18.2446 114.905 152.522
    -18.1029 119.084 18.7951
    -17.7994 -46.1333 19.1429
    -18.2754 -21.6811 78.0772
    -18.1659 -45.2038 113.993
    -16.9872 -107.933 198.69
    -17.9765 -42.3688 41.2363
    -17.9416 -8.6512 87.8603
    -17.4591 -42.793 152.329
    -18.1173 21.4638 159.989
    -17.7297 -33.7937 154.566
    -17.3941 115.249 17.3325
    -17.7283 117.515 59.0537
    -16.8478 -101.49 190.336
    -18.0889 105.329 13.9759
    -17.881 -45.9896 142.76
    -17.8836 108.165 22.3349
    -16.3395 -100.898 191.346
    -18.0953 108.758 53.785
    -17.5734 -7.61062 93.6255
    -16.756 -40.6495 155.392
    -17.3808 -47.4406 39.4002
    -17.8891 -42.3021 55.7143
    -16.8651 103.995 10.8245
    -16.2324 -17.7287 161.064
    -19.5345 -42.4067 63.7948
    -17.3897 -40.6766 27.3539
    -16.2571 -33.9765 68.2242
    -16.4473 114.392 111.052
    -17.8457 120.452 70.7005
    -16.8158 -103.946 191.423
    -17.4886 116.395 75.7837
    -17.646 113.202 84.5147
    -17.7413 -38.3777 65.5232
    -18.1919 104.116 70.0501
    -18.0286 41.6752 103.819
    -17.1066 -30.4093 97.2278
    -15.1971 101.691 -0.613134
    -16.7361 -47.3263 132.809
    -17.0094 119.401 70.6819
    -16.8332 108.79 29.0442
    -17.5343 13.5047 160.265
    -17.1978 115.124 12.5659
    -17.6382 46.8377 104.955
    -16.5618 -104.496 195.074
    -17.5877 36.8688 161.179
    -16.7431 114.756 44.1635
    -17.3633 110.398 100.915
    -16.9963 -38.912 31.1668
    -17.1868 -30.9174 99.8772
    -17.3488 114.381 76.2558
    -16.98 -40.9035 44.5702
    -17.2877 92.4842 87.6953
    -16.9163 107.751 59.208
    -17.0445 110.128 33.2306
    -16.7548 114.722 52.7498
    -17.1091 84.6179 104.921
    -15.2635 -100.772 192.264
    -16.8344 117.144 9.3422
    -15.5245 2.89118 103.376
    -17.4303 87.3174 101.472
    -17.4607 -48.7864 31.1794
    -15.739 -37.3283 33.1902
    -17.149 29.2198 102.068
    -15.9735 -30.5574 92.7943
    -16.8816 -40.7982 55.0511
    -17.0577 110.334 94.1364
    -17.1701 111.1 84.0143
    -16.5985 -44.8106 15.2293
    -16.82 -34.0578 23.1446
    -16.5829 -37.826 11.3939
    -17.0568 -46.715 118.194
    -17.0588 110.206 48.5532
    -16.2249 117.48 21.7508
    -15.1392 -40.3705 9.15919
    -16.2678 -47.938 26.8628
    -16.9642 -39.6471 39.0954
    -16.8624 52.317 106.751
    -16.6275 -35.978 23.6799
    -17.4115 -40.8091 29.3521
    -16.5791 117.099 120.002
    -16.8772 109.586 54.0257
    -16.8147 -50.7828 60.8259
    -16.4338 89.656 96.4994
    -16.8771 117.859 66.6259
    -16.5677 18.6264 101.697
    -16.6606 -2.35875 160.966
    -16.1799 104.01 7.91525
    -14.6126 105.93 166.424
    -16.5352 -39.4839 63.3085
    -15.8842 -38.7176 104.682
    -15.229 -106.093 197.174
    -16.7702 5.05613 160.795
    -15.4406 115.931 19.2484
    -15.9829 112.963 14.6256
    -15.6225 -48.5098 138.064
    -16.9493 116.562 30.591
    -16.4058 109.552 92.5122
    -15.6703 119.09 129.573
    -18.5537 78.7563 109.695
    -15.2716 -52.3893 146.794
    -17.2011 -40.184 83.8108
    -15.7618 112.609 57.1075
    -16.1918 98.3872 171.69
    -16.6441 108.471 21.2492
    -16.0998 116.4 69.8466
    -16.4977 106.17 12.3834
    -15.9248 -20.9078 76.9647
    -16.7293 106.626 67.9751
    -16.3923 111.901 50.7732
    -14.299 -43.5472 5.12272
    -16.3795 56.9863 109.024
    -16.5841 -13.3723 81.0916
    -15.9401 116.214 71.0186
    -16.023 109.09 23.7607
    -16.5219 111.131 80.3006
    -12.8405 -42.5773 5.21438
    -16.4931 -24.7262 74.2814
    -15.993 -37.7049 30.1335
    -15.6599 107.839 93.4882
    -16.2475 117.714 145.852
    -16.4299 113.67 74.4426
    -16.3929 -39.7943 58.9737
    -15.2546 116.253 3.85649
    -16.812 -35.6053 88.9153
    -14.8544 -33.0226 17.1173
    -16.3136 -9.99134 83.3923
    -15.9338 111.73 30.182
    -15.506 -48.7306 39.2801
    -16.2557 112.217 34.809
    -14.8372 -46.4586 17.5426
    -14.7314 -44.8598 15.0445
    -16.1635 115.457 27.0974
    -16.2564 114.124 33.2759
    -15.7332 90.5071 94.2271
    -15.597 114.779 11.498
    -16.2862 117.87 6.89208
    -15.781 -38.6144 38.1388
    -16.0929 108.403 79.2679
    -16.0239 111.005 54.4481
    -16.1183 109.837 100.603
    -15.722 116.204 67.1915
    -16.1857 -31.7579 90.893
    -15.2973 110.26 27.3669
    -15.8302 -48.8485 154.889
    -15.8374 -50.8945 150.889
    -16.2948 -49.3242 32.9464
    -15.9903 61.8743 111.862
    -15.9867 -46.7453 21.6434
    -15.5355 108.671 58.2727
    -15.3956 -8.07766 85.8774
    -15.6748 113.933 18.4632
    -15.9413 111.823 73.3632
    -15.663 119.147 137.432
    -15.999 109.006 86.3222
    -14.2443 -38.2243 161.783
    -16.0247 109.06 19.8904
    -15.3419 92.5317 90.14
    -15.5595 105.466 83.2744
    -15.1067 -49.9598 140.673
    -15.5499 108.107 12.4853
    -15.964 -45.7866 112.011
    -15.2938 -2.83106 162.608
    -15.9224 89.964 98.8795
    -15.4348 -49.395 52.4784
    -15.4275 111.568 158.897
    -14.4057 105.13 8.49034
    -14.9174 -32.433 21.1621
    -15.4874 -39.3109 62.0542
    -15.8374 115.678 152.862
    -15.6569 39.7408 163.45
    -15.2692 -38.6555 25.5737
    -15.5369 110.795 15.5495
    -15.0357 -39.9778 27.4851
    -14.1593 -104.615 194.571
    -15.1428 -49.5468 72.9393
    -15.2086 -32.9848 19.0278
    -15.4302 -114.094 176.857
    -14.3427 -46.6918 161.337
    -13.2016 90.9715 101.208
    -15.6697 107.575 68.6615
    -14.635 111.348 59.1411
    -15.0548 -39.4 30.264
    -15.3976 -115.258 175.994
    -14.9347 111.308 69.3332
    -14.8905 -37.6685 64.9488
    -13.3286 -106.294 194.947
    -14.7396 106.71 92.4339
    -14.6624 107.728 98.0356
    -14.9126 -5.67971 102.574
    -15.0874 109.357 71.1369
    -15.5919 -6.52837 101.335
    -12.8423 -102.335 193.865
    -15.3147 -111.34 176.755
    -14.8255 -37.1796 103.035
    -12.0367 -34.015 15.4251
    -14.133 -3.91683 102.596
    -15.1634 -113.75 178.208
    -14.87 69.7382 115.669
    -15.2221 -31.8385 98.2125
    -15.3809 54.4324 167.37
    -15.3696 -48.1151 124.586
    -14.7476 -40.753 83.1782
    -15.3551 -7.03571 90.1228
    -13.9155 -50.1633 133.05
    -15.1023 -112.846 179.374
    -15.3526 111.853 106.403
    -14.9433 110.014 67.1479
    -13.8009 101.738 -0.537457
    -13.5 -102.578 185.852
    -14.7156 116.909 9.20751
    -14.7061 48.4525 165.768
    -14.3598 -23.2389 74.6726
    -14.7413 109.077 63.6372
    -14.1341 -101.219 193.207
    -14.7089 -39.2451 56.4531
    -15.1204 114.088 3.0687
    -14.8301 -37.992 33.7765
    -15.1208 108.011 69.898
    -14.424 -17.5209 78.442
    -14.8779 107.202 77.8127
    -14.4524 102.082 88.043
    -14.1269 95.8743 87.5719
    -14.5953 117.904 121.926
    -14.1395 -51.705 62.7725
    -14.1552 -108.772 178.996
    -14.5784 112.136 21.6712
    -14.1935 -13.5111 80.0673
    -14.5358 -108.675 176.844
    -13.4241 -56.4883 162.622
    -14.5707 110.446 11.5784
    -13.5802 -44.3032 163.752
    -14.4515 -113.098 176.401
    -14.2175 110.486 64.9418
    -14.3026 114.918 22.7177
    -14.7663 114.926 2.30878
    -13.3519 -19.8086 163.931
    -14.4555 -48.0489 118.513
    -14.869 31.5702 163.024
    -14.5813 105.222 90.866
    -14.8056 109.897 58.1045
    -15.0018 117.941 7.27496
    -11.9725 -101.606 187.837
    -13.9933 -109.341 173.622
    -14.0856 112.569 25.085
    -14.3586 -39.2283 38.8734
    -14.0659 -10.221 82.1613
    -13.9199 -35.3362 88.1903
    -14.6053 107.893 73.5611
    -14.6405 -43.1282 106.73
    -14.0982 106.234 7.89638
    -13.7532 -116.338 177.198
    -14.6327 -111.395 174.514
    -13.7912 -116.317 178.417
    -13.7481 107.871 9.95764
    -14.5517 -46.5989 22.3166
    -14.6185 -49.2735 31.4534
    -14.0951 101.225 81.4902
    -13.4907 -39.3532 62.2383
    -14.3555 -39.5666 49.5223
    -13.9116 73.4627 116.29
    -13.8596 -33.8924 68.1766
    -14.2437 -31.1834 90.925
    -13.9235 115.732 3.25111
    -14.2243 115.185 113.745
    -12.9969 -115.888 176.953
    -12.7384 -116.82 175.734
    -14.1575 9.80021 162.404
    -13.8224 -51.9069 66.9933
    -13.4485 -102.059 187.294
    -14.0176 -100.786 185.824
    -13.8283 -46.2094 75.8066
    -14.3711 -50.04 160.81
    -14.2473 -112.803 173.24
    -14.3642 80.4857 110.314
    -13.8739 119.282 139.062
    -14.3182 65.9787 174.065
    -13.9102 -111.086 175.22
    -13.7075 2.21357 163.378
    -13.4876 111.751 9.73483
    -14.2902 71.9882 175.723
    -13.7595 -37.1395 102.149
    -12.443 -36.1875 23.6158
    -13.0961 93.3016 98.0831
    -13.1623 -21.0229 76.7231
    -13.375 111.255 2.42544
    -13.5161 -103.34 179.383
    -14.1944 26.6124 163.102
    -14.2514 -49.3437 53.0942
    -13.2458 -105.926 176.589
    -13.2464 -8.20686 164.857
    -13.4809 -48.3342 38.18
    -13.2102 -32.38 96.4393
    -13.8819 102.025 83.9961
    -16.1181 8.27524 102.89
    -11.6003 -42.1106 6.63789
    -13.4936 -98.9075 187.453
    -13.2703 -116.178 179.807
    -13.719 -109.188 171.687
    -11.4969 -24.2568 166.033
    -12.9652 -32.0781 19.8491
    -13.7773 -41.6361 47.929
    -13.7151 -41.5871 39.3052
    -13.354 -110.779 180.919
    -13.5847 -39.4953 35.2263
    -13.4868 -29.913 93.4627
    -12.5497 16.7557 99.2092
    -13.5624 -56.3582 146.026
    -12.2013 -34.4824 164.786
    -13.7019 114.981 7.18264
    -13.8671 79.85 176.061
    -13.6798 -114.836 177.291
    -13.626 111.853 107.379
    -13.1374 -48.7126 34.9186
    -13.0629 93.5519 94.9237
    -13.296 -40.5887 57.8513
    -13.2982 108.2 102.94
    -13.1059 -104.186 181.089
    -12.8148 105.165 99.6779
    -13.7788 -30.4485 94.8033
    -14.4439 -40.0636 29.184
    -13.0076 -38.972 31.7835
    -13.3716 100.519 91.8611
    -12.9841 105.361 0.459967
    -13.4572 115.12 7.80233
    -11.0903 -34.0894 15.7148
    -12.7982 -115.713 173.201
    -12.6559 -113.503 173.479
    -13.5794 86.7131 175.27
    -12.4803 -48.3913 73.052
    -13.1854 109.507 7.73784
    -13.3125 -112.759 171.042
    -12.9825 -49.4245 56.9612
    -13.2205 -48.6242 52.6734
    -13.4041 -49.1331 123.888
    -12.7943 96.1078 91.2518
    -12.1773 -26.4703 73.4582
    -12.3357 -44.4152 53.7858
    -12.5016 -40.7875 26.4547
    -13.4379 61.8842 171.708
    -12.9393 110.07 8.17071
    -12.6449 -61.3144 156.197
    -12.4134 103.681 -0.248256
    -12.8688 -38.6035 83.2203
    -12.9895 -46.2105 24.3303
    -13.2335 112.242 1.76798
    -12.3641 -98.8297 183.002
    -12.1761 -116.999 170.358
    -12.7623 119.469 134.4
    -13.0896 -38.7785 25.2396
    -13.1979 -41.4082 35.631
    -12.6308 -52.7039 135.973
    -11.3491 90.0097 104.545
    -13.3068 21.5564 162.95
    -12.4176 -47.7754 29.7473
    -13.6197 41.4351 101.694
    -13.429 91.5941 174.452
    -13.007 28.895 99.6137
    -12.5191 -45.4341 19.0428
    -13.018 -45.5216 110.273
    -12.449 -104.889 194.357
    -12.3399 -108.302 162.557
    -12.176 108.584 163.926
    -10.7731 -32.2112 17.1254
    -12.1635 -105.135 181.77
    -12.5179 -44.3726 48.4433
    -12.6295 -100.499 180.149
    -12.2079 -42.1945 105.638
    -12.9669 47.5019 103.284
    -12.9237 -101.623 184.061
    -12.0017 -98.5424 188.912
    -12.2693 110.628 4.31324
    -12.4275 112.01 1.81677
    -11.457 -29.03 90.8626
    -12.2144 -112.959 181.832
    -12.785 98.7392 90.2428
    -12.9541 -6.96443 89.3727
    -12.2899 -98.5426 176.044
    -12.1225 -105.271 191.976
    -11.5331 -42.8528 6.0724
    -11.1107 -102.291 188.901
    -12.059 -34.2219 23.1596
    -12.9241 -8.59292 84.8001
    -12.2746 -101.5 164.201
    -11.714 -50.1804 61.5414
    -12.6298 21.6539 99.0447
    -11.7386 -117.553 175.823
    -11.8354 -56.8256 168.074
    -12.4672 85.7115 107.481
    -12.3927 -43.7876 76.2316
    -12.3344 -42.0076 28.9435
    -12.5022 -51.0325 130.85
    -12.1597 117.003 120.024
    -11.4312 -41.5016 62.8119
    -12.718 52.4878 105.464
    -12.3629 -46.4053 45.1702
    -12.1154 -47.1041 56.5341
    -12.354 -40.7036 78.9128
    -12.1031 -98.3891 167.287
    -12.4437 -39.4069 63.5801
    -12.0663 104.423 98.8229
    -11.9375 -39.4289 101.928
    -11.8093 106.675 1.18698
    -12.3537 58.6427 170.522
    -12.0274 -43.7611 15.556
    -12.4525 -44.0577 38.0383
    -12.072 -46.2163 38.0194
    -11.7588 -118.321 165.08
    -11.885 96.3443 95.8556
    -12.1339 -60.206 146.884
    -12.1252 -31.2868 95.1507
    -10.4846 -6.6873 98.7159
    -11.3051 119.029 129.237
    -11.7378 -18.6514 79.0196
    -12.3515 -112.446 163.41
    -11.2135 102.064 99.231
    -12.4052 -102.431 185.71
    -11.5858 -44.3913 16.5148
    -11.906 -96.826 181.871
    -11.6744 56.2531 107.719
    -11.9318 -35.9171 68.6213
    -12.0709 -103.841 189.109
    -11.4434 9.91063 164.114
    -11.9627 118.855 146.086
    -11.1658 -99.2089 189.915
    -12.2012 102.076 170.969
    -11.8978 -44.4877 27.1668
    -11.5302 -106.78 184.257
    -11.4138 -63.5847 165.554
    -11.9919 114.57 114.365
    -11.6868 -28.9071 93.0672
    -10.4297 -8.43388 168.144
    -9.5331 101.094 172.203
    -12.0981 -0.991135 165.139
    -11.746 -104.44 185.702
    -11.3861 -65.9881 153.341
    -12.181 62.4976 111.908
    -11.8667 -47.56 34.176
    -11.337 -44.3937 34.7019
    -11.3847 -53.7193 168.602
    -11.4211 -42.1768 33.3906
    -11.389 -11.878 81.5865
    -11.4196 -39.0571 23.8652
    -11.7895 -116.831 174.317
    -10.7686 98.5657 99.1639
    -11.7382 -44.6772 57.4619
    -11.5216 -42.866 23.041
    -11.7834 2.03493 100.038
    -11.0318 120.146 138.85
    -11.202 -115.832 159.029
    -11.6963 -50.763 67.6334
    -10.8115 104.254 102.654
    -11.1092 -59.0637 139.573
    -9.55401 109.913 163.057
    -11.2344 -95.2199 165.118
    -11.3506 -104.108 158.952
    -11.0911 -45.3857 30.6868
    -11.4754 -93.4546 178.914
    -12.2752 -39.2183 65.3677
    -11.5645 -32.6549 21.1208
    -11.6202 -54.0315 134.349
    -11.4411 116.508 153.444
    -11.557 51.3092 169.177
    -11.6356 16.6626 163.66
    -10.4601 117.901 124.831
    -11.6851 42.7995 166.999
    -10.556 -44.324 108.817
    -8.99376 70.0548 115.397
    -11.0761 -96.5551 186.43
    -11.6964 -40.6423 31.4717
    -10.2466 -43.0615 18.015
    -11.0562 -99.5366 159.724
    -11.6039 -66.6412 160.893
    -11.5516 -40.4422 75.5657
    -10.9958 -114.891 181.845
    -11.7127 -32.4265 21.9084
    -11.7972 -97.1201 175.883
    -11.0237 -29.5369 73.4122
    -10.8203 110.2 109.116
    -10.9395 -69.6133 167.327
    -11.1862 -45.9922 34.0987
    -11.1345 -22.6588 77.4191
    -10.6375 80.442 113.091
    -11.2862 -48.9788 69.9652
    -11.2567 -32.5812 15.6478
    -11.3292 -47.2715 72.9676
    -11.3192 -47.8119 116.75
    -11.199 -38.0443 73.2093
    -11.0421 94.6405 100.508
    -10.66 -93.9228 182.747
    -10.524 -103.998 190.032
    -7.37629 105.642 170.186
    -11.4283 -36.8076 70.2668
    -9.80472 -105.135 188.646
    -10.6683 -27.0032 91.4648
    -11.0161 -62.4924 145.107
    -10.5465 -9.63992 84.4427
    -10.6138 -68.3988 167.737
    -11.1677 36.3266 166.044
    -10.2956 -88.7176 173.235
    -10.6787 -116.331 175.189
    -11.0715 -51.5367 128.702
    -9.29073 -14.1629 169.127
    -10.548 -33.0913 82.298
    -10.0337 -107.53 186.747
    -10.3956 -42.272 169.085
    -10.3838 119.932 134.391
    -8.18163 76.1982 117.137
    -10.4593 -119.21 176.617
    -10.3062 -49.2831 66.492
    -10.7865 -50.0327 124.028
    -10.504 -116.501 157.633
    -11.1449 -41.9826 65.2822
    -8.85208 79.646 114.751
    -10.2096 -41.9358 16.3537
    -9.62409 -41.7178 7.2858
    -11.2598 -7.3154 88.9229
    -10.867 -48.0077 60.7838
    -11.0025 10.7837 98.9026
    -10.4021 -75.5171 164.879
    -9.19153 -125.893 160.09
    -10.7551 -45.3926 60.9414
    -9.73962 -123.103 165.518
    -10.8047 -93.0048 173.403
    -10.0741 -30.3944 80.265
    -10.2936 -120.105 174.432
    -10.6907 -42.9132 104.578
    -9.65576 -90.0409 167.883
    -10.2021 -36.3915 22.091
    -10.3688 -73.6515 168.88
    -10.6941 -41.0798 67.6235
    -8.94903 -118.604 179.168
    -9.92329 -106.785 153.708
    -9.84345 -35.6575 13.9623
    -10.5172 -45.3698 72.305
    -10.2466 -42.5171 70.4294
    -10.5644 -47.075 70.3719
    -10.6231 31.6056 165.529
    -7.09448 108.834 166.415
    -10.3967 -44.2268 68.9346
    -10.4085 -34.7635 20.2249
    -10.0952 -89.6208 177.12
    -9.94925 114.44 116.79
    -10.1435 -94.4347 162.948
    -9.10319 -13.0218 82.9428
    -9.59179 -92.9708 168.961
    -10.3808 -68.0855 151.478
    -10.2669 -88.4505 170.054
    -10.0486 -101.166 190.344
    -9.97206 -35.0136 20.8651
    -9.9737 -114.233 154.588
    -8.01256 -46.1178 114.096
    -10.2878 -72.9847 160.498
    -9.45969 -33.2666 169.942
    -8.92275 -97.6656 189.169
    -10.2857 3.21381 165.538
    -10.1338 -55.1257 132.931
    -9.5671 -66.6918 172.909
    -9.99552 -41.4777 20.2408
    -9.68298 -19.6046 81.0928
    -10.0835 -29.6682 93.6192
    -10.0068 -82.812 170.613
    -10.1686 -37.1676 98.6251
    -9.17882 86.5151 109.737
    -9.23625 111.792 113.179
    -9.99847 -46.7687 65.3727
    -9.62581 -87.1426 174.722
    -9.41556 -39.5821 9.37262
    -9.70149 -84.1792 167.483
    -9.78234 -25.189 87.9899
    -9.58633 -38.3049 18.3982
    -8.5808 -39.7346 8.66561
    -9.0466 -24.4103 80.1034
    -9.4459 -83.0802 174.036
    -9.37228 -97.011 157.855
    -9.06471 95.3079 103.158
    -9.77945 -79.8291 171.706
    -9.62986 -64.2736 144.631
    -9.70728 -34.5301 13.8705
    -7.10115 -49.8245 176.753
    -8.16389 27.0619 165.631
    -9.51809 -74.1354 158.181
    -9.45661 -23.8035 91.1994
    -9.60112 -59.5024 137.968
    -7.21734 -115.48 183.57
    -9.23185 -102.391 153.744
    -8.66839 -117.528 154.985
    -8.52007 -123.275 156.939
    -8.80906 -74.304 173.078
    -8.19111 -23.5136 170.509
    -9.46653 -25.9911 92.3544
    -8.36864 -36.7702 11.7312
    -9.44614 -40.7876 100.762
    -7.29774 -87.329 179.55
    -9.11745 -82.6361 164.282
    -7.70099 -34.4044 95.6792
    -9.39174 -68.3003 149.141
    -9.05007 -40.8402 11.8606
    -9.19886 -76.2926 172.859
    -8.04489 98.3549 103.593
    -8.86196 -38.2982 15.0226
    -9.02027 -21.5385 86.1782
    -9.21851 -27.7502 93.431
    -8.8272 1.9761 97.8344
    -8.97653 -34.5385 14.5885
    -9.26108 -8.91008 87.5333
    -7.24523 -122.997 154.003
    -8.29655 -20.238 85.2669
    -9.06946 -111.046 185.848
    -8.40708 91.3612 107.696
    -8.56486 100.96 103.533
    -8.31107 -103.008 189.917
    -7.41592 -56.0516 176.759
    -8.54366 -92.578 165.344
    -9.09133 -63.7666 174.395
    -9.04646 113.056 159.137
    -8.43074 -51.207 124.627
    -8.96624 -4.77244 98.3552
    -8.20779 -126.409 168.619
    -8.46533 -99.6776 189.997
    -8.02039 -111.479 150.712
    -8.82347 -94.2479 186.162
    -8.76407 -106.371 151.586
    -8.7711 -48.3394 118.739
    -8.75534 -19.5712 83.0441
    -8.7602 16.8291 164.907
    -8.75556 -1.11971 168.421
    -7.7856 -93.0938 162.528
    -8.65555 -8.01914 91.8239
    -6.44861 21.7686 165.384
    -8.18839 9.84085 165.606
    -8.19659 -99.6761 154.478
    -8.54106 41.6306 100.063
    -8.26128 30.0483 97.6987
    -8.2372 -55.0949 131.391
    -7.91264 -15.6426 84.178
    -8.10017 -130.832 159.812
    -7.39954 -73.0207 152.715
    -8.26301 -77.3821 158.563
    -7.24703 -106.769 189.539
    -7.45829 -84.7259 177.84
    -8.09121 47.9788 102.12
    -8.02113 -27.7638 92.8237
    -7.36706 -115.982 153.167
    -7.24999 -20.6883 91.9273
    -8.24033 -5.63661 169.923
    -7.89105 20.7131 96.6972
    -8.20895 73.35 177.308
    -7.71099 -60.3292 138.206
    -7.34944 -130.499 155.054
    -8.13457 63.0873 174.454
    -6.82722 -118.69 180.513
    -8.11163 67.6234 176.04
    -6.85704 -31.8645 173.213
    -7.68228 -102.335 152.441
    -6.23764 52.2504 104.251
    -7.44731 -17.6538 85.5043
    -7.41 -10.0229 89.6497
    -7.9881 80.744 177.063
    -5.79703 63.8083 112.514
    -8.12822 -65.4591 144.996
    -8.11209 58.6864 172.697
    -6.65797 -94.2716 158.523
    -7.42749 107.929 110.128
    -6.31328 119.654 134.243
    -6.47032 120.166 139.066
    -7.84669 -139.703 154.416
    -7.47477 -132.735 160.972
    -7.48582 43.1604 169.455
    -6.47822 118.83 130.131
    -7.73085 87.1421 176.148
    -7.71884 -86.9436 163.319
    -7.53172 -25.3408 93.5406
    -7.19113 74.7851 116.781
    -6.13114 -44.9633 106.387
    -6.84842 -71.3983 178.711
    -6.51633 119.358 145.793
    -7.59034 -108.183 164.611
    -7.5883 -8.04745 96.9156
    -7.37144 -107.941 150.61
    -6.89283 -9.46256 171.278
    -7.38157 -19.5583 87.4824
    -7.12078 -140.5 152.583
    -6.87256 -131.187 165.259
    -8.03979 92.5368 175.005
    -7.45565 94.0235 106.622
    -7.37379 -83.0516 160.973
    -7.15225 -140.597 157.306
    -4.79774 117.009 126.313
    -6.9627 -137.408 155.756
    -7.21733 -63.4515 140.69
    -6.62117 -41.685 99.8777
    -7.30216 -112.248 160.295
    -7.23814 -106.65 162.448
    -7.17521 -112.68 151.08
    -6.84697 -138.274 158.281
    -7.17307 -113.59 162.469
    -7.17287 -76.4487 155.959
    -6.46746 -11.9465 90.4261
    -7.13549 116.957 153.807
    -5.31022 -83.4041 181.512
    -7.15924 34.0969 167.405
    -6.40029 -129.281 152.093
    -6.88051 11.7219 96.7704
    -7.03673 104.671 107.669
    -6.32026 -119.136 152.816
    -6.34444 -88.209 160.466
    -6.59891 -138.965 155.308
    -5.65322 -31.6686 93.6783
    -5.71782 -86.3315 180.147
    -5.4248 -16.7406 173.286
    -5.84394 -51.759 124.193
    -4.73259 -46.9995 113.573
    -6.44415 -17.1657 91.7073
    -5.96494 -139.253 151
    -5.33666 -7.43272 96.6073
    -4.72711 -53.7149 129.439
    -6.25468 -24.6421 93.5639
    -6.75815 -116.892 156.488
    -4.22423 -89.9317 186.86
    -5.3044 -128.328 171.192
    -6.65304 -111.984 158.428
    -6.6049 -140.896 154.885
    -6.34077 -129.461 150.381
    -3.61585 -95.084 189.409
    -6.52 -139.091 156.061
    -6.43999 -141.818 157.548
    -6.62552 -134.534 151.242
    -5.88064 -138.293 160.851
    -6.21121 111.964 162.107
    -5.67354 -142.514 151.631
    -6.37383 -63.5163 179.254
    -5.98149 -74.1515 150.682
    -4.68851 -43.9789 102.293
    -6.23674 -105.425 151.196
    -5.91484 -135.73 156.331
    -6.99055 -118.73 157.403
    -5.71411 -11.1926 96.3787
    -5.85557 -57.8306 179.367
    -5.77526 -91.7003 159.093
    -5.39542 -137.456 154.932
    -5.91954 -20.9509 94.9457
    -5.94695 -92.9592 187.425
    -5.67824 -137.91 146.963
    -5.27647 -97.2458 155.897
    -5.18696 -126.796 150.433
    -4.96294 -87.3328 183.221
    -5.14227 -120.146 153.997
    -5.9126 -102.733 191.044
    -4.79421 -135.908 146.658
    -5.28672 -142.093 149.814
    -5.65627 3.16745 96.3775
    -4.08459 -22.5337 174.647
    -5.95676 -119.915 159.746
    -2.92311 -115.399 151.069
    -5.32946 -134.889 146.775
    -5.8567 -109.376 167.126
    -4.53615 -34.7251 94.1532
    -5.38933 -143.019 153.34
    -5.18361 -80.4542 154.17
    -4.79552 -71.3461 181.805
    -5.80715 -106.02 160.945
    -5.8052 82.4916 111.68
    -5.3879 -123.407 158.832
    -2.54464 -27.246 176.26
    -5.83277 100.883 106.905
    -5.4021 -16.1179 94.1936
    -5.73487 1.17092 169.491
    -5.87862 -125.616 153.348
    -5.68659 -3.39035 171.093
    -4.61544 -125.352 174.347
    -5.0112 -140.16 153.845
    -5.60562 77.9568 112.416
    -5.59748 81.4102 114.314
    -4.74567 -116.294 154.505
    -5.78736 -130.201 150.334
    -3.9332 -98.8898 155.012
    -5.11639 -54.5055 179.71
    -5.20841 108.844 168.532
    -5.20545 -65.2115 138.966
    -4.80546 -128.451 154.354
    -5.1065 -88.411 158.314
    -3.95263 -48.4241 117.908
    -5.32181 -14.4482 96.5535
    -5.31584 -114.366 165.779
    -4.98288 -132.706 150.322
    -3.8051 -138.916 144.492
    -2.09866 104.017 172.625
    -4.25108 -34.0472 175.986
    -5.28723 -111.307 150.635
    -5.27011 5.84143 167.628
    -5.19324 84.8682 114.361
    -5.10035 80.4257 116.092
    -4.79222 -134.767 147.566
    -4.35864 -114.155 151.755
    -4.67694 -108.504 189.861
    -3.96626 -143.765 151.448
    -2.98433 -101.401 154.049
    -4.30408 -129.703 147.747
    -5.07647 11.0715 166.658
    -4.97872 17.3026 165.905
    -4.55343 -127.194 150.055
    -4.95824 80.9936 109.562
    -2.6457 -132.249 143.879
    -4.88908 111.428 164.704
    -4.41276 86.6014 112.094
    -3.87688 -137.888 145.434
    -4.8156 78.1154 110.001
    -4.49232 -73.8582 147.467
    -4.06826 -106.86 158.547
    -4.53809 -17.4334 96.6052
    -4.37662 -142.719 147.44
    -1.96425 -118.562 182.087
    -4.44495 -11.5413 96.6205
    -3.64293 -137.239 144.441
    -3.14401 -55.7059 130.711
    -4.62467 117.034 153.799
    -4.60648 -41.3231 99.5203
    -4.60175 84.4898 110.186
    -3.64357 -103.308 191.526
    -4.11848 -122.155 161.463
    -2.69435 96.9568 110.493
    -4.32816 77.6742 116.624
    -3.86759 -143.831 155.826
    -3.82173 -137.543 149.489
    -3.1288 89.7151 113.526
    -4.26738 -141.895 159.147
    -4.25588 -37.9461 97.4183
    -4.13764 -132.479 147.031
    -3.56471 -6.24087 95.7681
    -3.11118 -28.8468 94.0286
    -3.24028 111.429 117.36
    -3.46508 -80.1473 183.796
    -4.38593 -103.313 163.951
    -3.98581 -139.007 146.656
    -2.73706 108.249 114.369
    -1.29847 -122.533 177.867
    -4.15366 -98.9024 162.885
    -3.79196 -122.898 150.606
    -2.92777 92.1889 112.834
    -2.55513 93.9408 112.002
    -3.82279 -133.104 154.167
    -4.10547 75.3229 113.175
    -3.78105 -92.0836 156.998
    -3.90221 -87.1523 184.125
    -3.13382 -99.8171 191.359
    -3.58841 -127.826 148.686
    0.0276241 58.3776 108.579
    -3.9681 -99.8653 163.992
    -4.14577 114.022 159.789
    -4.17433 36.585 98.1221
    -3.85114 -98.8845 161.299
    -3.99242 28.4608 96.283
    -2.15686 -105.803 153.077
    -2.90112 -36.9863 95.7824
    -2.93443 -86.7349 185.555
    -3.97697 43.3558 99.8181
    -3.61875 -53.5995 180.603
    -3.4025 -136.663 164.625
    -3.72528 21.5286 95.4221
    -3.72469 59.6909 174.423
    -3.79029 49.5804 171.841
    -2.15601 -139.136 144.973
    -3.5565 47.8632 101.437
    -3.80293 63.8734 175.981
    -3.52016 -134.822 145.329
    -3.277 -64.9977 182.24
    -2.23829 -44.8708 105.843
    -2.82728 -139.315 147.638
    -2.31688 -139.409 144.005
    -3.69234 -100.646 159.853
    -3.1946 -88.8851 156.939
    -4.03134 -65.3373 138.084
    -3.32377 -50.3648 121.715
    -3.3908 112.462 167.033
    -0.530259 74.3429 178.453
    -3.60469 68.601 177.336
    -3.30692 -109.507 151.624
    -2.48261 -24.7457 95.7395
    -3.3779 118.617 132.979
    -3.66683 81.5575 177.492
    -3.4813 81.0329 108.152
    -2.94616 75.9638 110.488
    -3.13298 32.0608 167.888
    -3.27302 7.9555 95.933
    -2.59729 -120.096 152.675
    -3.40498 78.2873 108.511
    -1.43818 -136.003 165.666
    -3.32806 74.8196 116.303
    -3.24572 -45.5188 108.731
    -2.86831 111.37 169.204
    -2.6446 -81.8241 152.45
    -2.16764 94.192 175.155
    -3.24738 -103.228 165.37
    -2.38953 113.426 164.711
    -2.57582 -143.642 147.48
    -3.21332 85.0509 108.666
    -3.08711 68.5781 114.381
    -2.17066 -32.1909 93.6944
    -2.75424 119.181 139.703
    -1.14921 -128.176 148.163
    -1.88661 -47.1029 115.718
    -2.67885 112.607 163.491
    -2.7329 74.3045 114.478
    -1.78698 -7.4049 95.5607
    -2.21553 -77.7441 148.868
    -1.79809 -137.144 144.289
    -0.681594 -132.279 145.085
    -2.78188 -114.758 154.381
    -2.89877 103.874 111.538
    -2.45159 64.866 112.703
    -2.87386 -106.315 158.222
    -2.09833 118.435 146.198
    -2.24126 -99.8868 159.84
    -2.01299 -107.143 190.451
    -1.43708 -73.7428 144.548
    -2.82169 -129.5 158.493
    0.281764 28.6277 167.343
    -0.982979 -116.119 184.424
    -2.73905 87.1799 110.414
    -2.0128 -139.831 149.815
    -1.31089 -127.74 172.89
    -1.69687 -139.413 144.062
    -2.65418 -7.78622 173.781
    -2.00864 118.679 163.85
    -2.73357 1.63929 170.545
    -1.97658 119.674 165.004
    -2.06581 115.903 127.851
    -2.53605 -49.1753 181.534
    -2.4907 -33.6083 178.029
    -2.3241 -139.005 151.676
    -2.3943 -14.7099 175.334
    1.41756 -98.6631 190.941
    -0.830374 62.3065 111.09
    -2.20504 70.2446 111.321
    -2.37273 7.30102 168.113
    -2.31165 -62.3871 183.535
    -1.49901 114.489 168.729
    -1.56651 -17.3331 98.2156
    -2.33233 117.139 153.532
    -2.18262 -21.1066 175.913
    -0.240027 23.4689 166.364
    0.0314012 -142.474 159.558
    -0.542601 -139.671 144.71
    -1.63906 89.5589 114.232
    -2.08309 -38.9717 98.6144
    -1.54552 -2.41007 95.3517
    -0.181685 17.7972 166.585
    -2.14323 -96.5775 155.023
    0.08468 13.3834 167.183
    -1.86464 -90.9011 188.16
    -1.87315 -74.5873 184.951
    1.03856 -143.687 157.654
    -1.92187 -43.5905 102.919
    -1.68871 -58.3716 131.9
    -0.398567 114.76 158.544
    -0.369722 -94.1045 188.835
    -0.759208 -143.787 150.176
    -1.89732 -41.5323 100.567
    -1.13031 71.4648 110.698
    -0.594445 -65.9372 137.308
    -1.72585 117.957 134.356
    -0.479123 -125.29 149.498
    0.289301 -140.716 147.07
    0.136011 -144.496 154.967
    -1.23125 66.4642 109.677
    -1.59389 -90.9405 154.357
    -1.0031 118.329 162.732
    -1.02548 113.397 169.518
    -1.1702 -118.648 149.789
    -0.24079 -71.2768 142.2
    -1.55992 -136.33 143.012
    -0.343266 -110.818 156.062
    -1.77294 -129.031 147.448
    -0.152671 90.0192 114.751
    0.0327821 112.779 161.896
    -0.812623 -133.128 142.834
    -0.0911426 78.1725 108.309
    -1.07175 75.1583 110.952
    -1.0628 -131.288 143.499
    -0.0117869 80.7352 108.114
    -1.24125 -115.271 166.362
    -1.21475 -128.573 160.01
    -1.55235 -113.343 151.412
    -1.29326 -120.732 163.406
    -0.860233 -99.7304 154.36
    -1.17019 85.0729 108.614
    -0.275302 -86.7619 186.399
    -1.14526 -110.534 168.013
    -0.10223 112.594 163.302
    -0.630044 157.618 145.737
    0.472961 -49.2112 121.098
    -0.824309 -138.737 153.052
    -0.590276 -78.4384 147.598
    -0.375118 87.0068 110.174
    0.00998203 -22.1619 98.0307
    0.0669634 -24.7441 97.2706
    -0.558068 157.372 144.072
    0.00869639 116.342 153.56
    -0.00917682 115.674 131.443
    -0.0146003 112.423 123.977
    -0.0441961 92.7502 114.304
    -0.288595 115.386 163.298
    0.00173241 107.837 117.357
    -0.457623 -91.6254 153.368
    -0.0411054 117.087 136.364
    -0.0096817 103.212 114.268
    0.0146636 -39.542 100.433
    -0.00981236 117.364 141.087
    -0.24547 134.082 158.757
    0.264327 94.9861 113.332
    0.00523043 97.4309 113.523
    0.0238249 -29.3597 95.0234
    0.022706 117.183 147.224
    -0.0449383 -32.4392 94.1817
    -0.0409816 66.2238 110.972
    0.00112371 -44.0669 106.497
    -0.162345 -140.413 150.607
    0.0271107 -42.1406 102.649
    -0.0080679 -34.9963 94.7561
    -0.79508 -119.529 152.874
    1.03109 -107.964 153.647
    -0.00822055 -38.1471 97.8596
    0.0697045 -45.0344 109.889
    -0.453197 -102.797 166.384
    -0.0558858 -140.09 148.147
    -0.383157 -103.768 191.243
    -0.281012 -99.2587 165.735
    2.77461 -139.768 145.834
    1.1462 -119.616 149.653
    -0.051177 -97.2023 164.107
    1.16437 -113.614 186.178
    0.736542 -135.494 144.082
    -0.0635819 -76.9081 185.638
    0.0155947 -63.5039 184.378
    0.398888 -56.2394 129.879
    0.0584789 -53.0458 127.025
    0.00306064 -49.7935 182.504
    -0.0180566 -26.9584 177.367
    0.0631074 -16.6746 176.287
    0.537693 -17.3217 98.5076
    -1.33587 -13.862 97.171
    1.4297 -7.75573 95.5655
    -0.0114534 -6.95599 174.34
    0.0788613 1.44841 171.35
    -0.0708819 7.38199 95.7132
    0.482316 7.94794 168.337
    0.0470603 21.4855 95.0362
    -0.105469 29.6529 96.1231
    -0.162352 41.864 99.2237
    0.0321805 51.2485 172.469
    -0.151922 59.1631 174.741
    0.697318 64.9187 112.312
    0 64.2404 176.651
    0.7373 66.6005 109.276
    0 69.0908 177.951
    -0.00373661 81.3115 177.826
    0.375727 85.0988 108.823
    -2.38976 107.724 171.148
    2.01966 108.513 170.988
    2.1058 113.572 164.613
    0.479791 120.164 166.218
    0.29498 157.201 143.965
    -0.978111 157.864 144.565
    0.841864 -132.4 144.84
    1.13812 -101.368 191.782
    3.06996 -137.602 144.094
    0.136748 -97.3372 161.741
    1.61423 -131.566 167.257
    1.33846 -104.875 192.165
    0.262781 -99.9542 159.57
    1.28744 -138.531 162.352
    0.409869 118.754 162.297
    1.0056 -106.148 190.398
    0.975789 -128.998 147.338
    0.0200183 -127.211 172.785
    0.969959 -91.3105 153.185
    0.47524 -106.266 158.203
    0.505707 -128.434 159.889
    0.678405 -101.267 154.496
    0.389526 158.134 145.58
    1.90611 -125.582 149.875
    0.906448 -138.076 144.502
    2.56601 118.628 135.17
    0.743141 -143.896 147.885
    1.64381 118.403 163.268
    1.32967 114.969 168.624
    0.855334 -138.863 152.729
    1.04482 157.363 144.977
    2.73403 -128.315 149.03
    1.74112 -87.5911 186.042
    2.47814 -139.756 149.301
    2.72384 -130.249 146.682
    0.785431 74.5482 111.322
    1.42181 -90.3587 186.801
    2.12034 -119.395 180.727
    2.18979 87.1774 110.133
    1.08079 -78.3448 147.866
    1.48809 -108.419 188.717
    2.57003 -139.634 144.683
    3.48785 -140.004 145.057
    2.72069 -141.951 159.375
    3.1173 -13.6814 97.1201
    2.40602 104.239 172.519
    2.85378 118.653 146.545
    1.49025 -70.9848 142.333
    0.311453 -47.5397 118.174
    1.99236 119.77 164.91
    3.80623 -52.8512 127.886
    1.62432 -106.833 196.258
    2.07981 118.777 164.251
    1.45511 -95.2692 188.653
    2.17461 69.784 111.177
    2.53625 119.056 139.453
    1.88924 89.2789 114.107
    3.58402 -139.614 145.877
    2.59411 74.461 114.156
    2.14777 -98.8678 154.549
    2.15958 -89.131 153.862
    2.58961 64.9439 112.857
    1.93491 -64.4151 136.373
    1.89498 66.1936 110.991
    3.58367 -29.2169 93.7677
    2.66927 -135.821 144.871
    2.76643 117.812 131.261
    1.96965 -37.4039 96.2335
    3.1735 -32.1836 93.6269
    1.82457 -44.7907 105.832
    1.95494 -144.088 152.626
    1.97325 -106.496 194.545
    3.22873 -89.7812 184.913
    3.08296 -34.806 94.185
    1.89116 -78.6254 185.329
    3.80793 -41.3945 99.6083
    3.10216 -112.078 152.61
    1.91707 114.894 158.47
    3.47485 -44.0902 102.593
    2.41404 -103.248 195.856
    2.02023 -39.0489 98.7205
    1.93955 -105.76 197.501
    4.11266 -120.423 177.533
    3.14184 112.36 168.18
    1.91866 -69.6653 184.445
    3.19548 -124.68 173.04
    2.60967 -133.052 145.377
    2.89935 -143.758 148.4
    4.87039 63.7379 112.41
    3.66847 -106.18 153.981
    2.3329 -76.8586 148.201
    2.23668 -127.833 159.098
    3.09072 -105.363 191.071
    3.38179 -129.311 148.397
    2.95103 111.419 117.662
    4.56104 17.6202 165.983
    2.57779 -138.303 151.647
    2.25658 96.3555 111.166
    2.38364 -58.6549 183.047
    3.17622 -25.494 95.0619
    4.22563 -139.247 148.396
    3.46005 99.225 109.73
    3.13718 112.689 164.19
    2.32325 -26.0025 176.142
    2.4001 114.97 125.427
    2.44412 -17.1282 175.584
    2.33233 117.139 153.532
    3.48869 -17.1369 97.2955
    2.88381 -131.471 165.647
    2.37074 -142.076 154.4
    2.51935 -103.434 191.272
    2.39259 -120.744 163.56
    3.58196 -48.2896 117.704
    2.59308 -9.15869 174.221
    2.48304 -34.6178 178.291
    2.45843 -103.717 166.255
    3.15154 -106.046 197.582
    2.52425 -50.4098 181.787
    2.65167 -136.448 156.531
    3.40347 -138.471 159.769
    2.35454 -0.403662 171.48
    2.54345 -100.321 192.119
    2.8304 -82.3637 153.038
    2.67361 108.206 114.301
    3.5658 -106.466 159.299
    3.49556 -132.939 143.551
    2.65804 92.1293 113.222
    3.53105 -100.483 164.956
    3.84684 -101.027 160.81
    3.36566 -115.547 184.29
    2.98177 113.899 166.555
    3.89245 -119.525 179.688
    3.16462 71.2111 115.206
    3.50858 -131.404 144.714
    3.76841 -93.6684 186.222
    3.22055 7.72168 95.921
    5.1765 93.6363 175.095
    2.88352 -143.402 155.267
    4.51007 -46.8266 112.902
    3.28429 -136.063 158.403
    3.74814 -95.2332 155.99
    3.16971 -83.9246 184.654
    3.62724 -140.018 156.144
    3.92433 -85.2507 183.409
    3.22744 -57.617 181.506
    2.8871 -115.017 167.172
    3.83176 103.577 110.413
    2.71427 -120.271 153.275
    3.1742 -86.5352 155.605
    3.2823 75.2543 116.365
    3.96732 -109.587 202.297
    3.61589 -104.673 190.911
    4.23268 -136.834 150.269
    2.992 75.9791 110.49
    3.8429 89.2507 113.199
    3.07522 112.882 162.291
    3.904 -45.1989 106.89
    2.60106 -132.935 155.464
    3.76753 -117.404 151.123
    3.50887 -141.643 156.777
    3.65842 40.6487 169.828
    3.74357 -105.744 188.289
    4.08188 -99.7163 163.903
    4.04264 -99.7434 162.125
    3.99536 -102.4 196.049
    3.74949 -124.688 160.104
    3.37781 -139.958 158.08
    3.21332 85.0509 108.666
    3.91361 -107.635 200.791
    4.05987 -142.978 152.808
    4.14861 -137.069 145.741
    4.86955 -88.8213 182.172
    4.96336 108.703 168.922
    3.92553 -108.751 186.561
    3.28728 -97.7583 189.643
    3.93968 -42.9857 178.139
    3.40498 78.2873 108.511
    3.98389 -131.557 154.134
    3.85021 -29.2021 175.451
    3.4813 81.0329 108.152
    4.78834 -51.0449 122.649
    4.87789 -125.032 169.369
    3.93532 -55.7493 131.308
    4.78563 -120.502 154.688
    3.21976 -4.55234 95.5824
    5.3594 -127.606 151.937
    5.05989 82.2845 177.303
    3.72271 -118.881 181.554
    3.83806 -89.7274 157.048
    3.9539 -78.1075 183.079
    3.60469 68.601 177.336
    3.83287 -65.3474 137.927
    2.73555 52.2919 104.073
    4.94488 -136.676 147.917
    3.80032 21.2324 95.4348
    3.63873 74.2781 178.062
    11.5106 56.7165 108.002
    3.92077 -102.882 190.512
    3.71522 -110.136 168.751
    4.1827 -139.055 145.533
    4.11868 -99.8172 191.607
    4.9543 -140.762 156.965
    5.25057 -126.734 156.153
    3.83994 48.0257 101.544
    4.09104 116.508 126.111
    3.80293 63.8734 175.981
    3.69438 59.3692 174.308
    3.95861 52.654 172.458
    3.70586 -143.151 150.809
    4.00554 -24.1427 174.692
    3.88939 -104.028 165.219
    5.72436 -112.813 184.419
    4.34604 86.4769 111.849
    4.14763 42.2831 99.4911
    4.27317 75.6299 112.682
    4.85297 -35.1192 94.4788
    4.32104 -37.8622 97.3574
    3.89768 29.3785 96.4207
    4.38632 -73.8885 147.355
    4.65261 -20.1828 95.6278
    3.82265 -102.197 154.874
    5.09118 85.1856 114.321
    4.39626 -138.705 155.928
    4.8006 -9.76874 96.4482
    4.87098 -141.327 154.857
    3.87306 -113.108 156.219
    4.28793 95.092 109.287
    4.98777 -140.278 147.064
    5.06482 -132.485 148.802
    4.94234 -19.8826 173.919
    5.01759 -69.8049 181.452
    4.48696 113.052 119.044
    5.08208 -80.8166 154.289
    6.02675 -116.598 183.507
    4.57933 -132.764 144.604
    5.14818 -65.4183 139.082
    4.42496 77.9728 116.599
    5.26165 -108.663 202.465
    5.53921 -121.204 155.559
    4.83013 -139.541 152.093
    5.31427 -137.109 146.855
    4.66652 -97.6034 188.105
    4.25032 -117.674 177.65
    5.45886 83.9203 111.402
    4.61175 -120.755 161.541
    5.80601 117.038 153.911
    4.76007 -128.615 149.896
    4.67552 -107.042 159.885
    5.30891 -106.352 185.182
    4.85194 -131.338 162.6
    5.55109 -87.9745 158.164
    4.9358 -17.6478 95.9745
    5.32628 -130.849 148.808
    5.86907 -100.375 190.583
    5.47823 -82.1569 181.295
    5.14598 -110.182 205.585
    4.85004 -119.571 151.654
    4.8156 78.1154 110.001
    4.27498 -64.3993 181.376
    4.98859 -103.755 188.41
    5.38413 11.9555 166.433
    5.72385 -138.86 148.388
    5.81871 110.031 165.741
    5.74232 -97.1257 156.841
    5.71466 -9.31539 172.128
    5.07303 -133.903 158.103
    5.75124 -55.8335 179.343
    5.66648 -102.405 195.735
    5.05697 -137.901 147.217
    4.95824 80.9936 109.562
    5.77384 -136.381 148.666
    7.98582 102.155 172.172
    5.14095 -124.028 152.033
    5.24401 -106.192 198.714
    5.29144 81.4741 115.792
    6.0141 -99.7449 186.476
    6.26407 -91.3278 159.269
    6.29463 -109.12 183.402
    5.36761 -45.3045 177.637
    6.41904 -127.812 162.485
    5.26936 -118.623 178.8
    5.32055 -105.18 162.938
    5.61804 77.9807 112.492
    5.36554 -103.629 190.478
    5.80232 -127.885 152.042
    5.27011 5.84143 167.628
    6.91307 105.749 170.252
    5.43333 -12.5164 96.5532
    6.57093 -25.2777 93.3099
    6.51874 -97.9877 184.867
    5.92545 -131.174 152.425
    5.37274 -112.283 157.913
    5.57935 -114.572 152.762
    6.73519 120.215 139.041
    5.75569 -117.635 156.159
    7.06256 -90.6026 180.782
    6.38398 7.64068 96.662
    5.98555 -107.397 200.87
    5.71297 -118.184 177.291
    5.65672 -103.392 187.871
    6.86927 -119.268 173.805
    5.80448 -55.2361 131.936
    5.98899 -133.962 154.083
    5.54638 22.2648 165.596
    6.55102 119.702 134.294
    6.57667 -119.413 159.83
    5.85527 -74.7875 151.002
    5.65246 108.959 112.54
    7.09979 -46.6018 114.917
    5.98317 -132.493 149.103
    6.62283 -117.39 182.167
    5.68659 -3.39035 171.093
    6.40236 -118.096 180.975
    6.14492 -43.8415 102.926
    5.88673 -124.482 155.718
    5.73487 1.17092 169.491
    5.81388 -108.731 153.151
    6.13704 -12.3652 92.1414
    6.57861 118.797 129.903
    5.80364 80.7908 111.565
    7.23101 -118.463 154.951
    7.51846 -114.822 177.03
    5.82307 -114.622 164.675
    6.56604 -118.065 179.293
    7.1261 -116.136 180.782
    6.60936 28.8148 166.315
    5.95688 -130.936 156.915
    7.09515 -87.503 179.016
    7.39246 116.67 123.31
    6.3206 -61.487 137.777
    7.0412 -102.473 194.123
    6.56257 -122.881 168.145
    6.99716 -49.7998 176.904
    7.12073 -31.404 172.823
    6.16342 -129.226 153.693
    6.58158 -87.3965 159.774
    7.2087 -65.0652 142.483
    6.4514 -130.134 152.684
    6.32919 -16.8529 92.2233
    8.15946 -117.01 174.952
    6.21792 -10.1801 96.4281
    6.31931 -102.248 188.865
    6.37747 -101.863 185.129
    7.99949 -105.443 153.577
    6.74381 -105.766 195.247
    6.74659 -105.253 184.651
    6.33887 -109.29 166.976
    8.52145 -44.7857 108.129
    6.65351 -131.485 152.733
    6.39716 -63.5218 179.244
    6.57382 111.782 162.06
    6.99581 -123.439 154.799
    6.79971 111.444 114.727
    7.10885 -94.5926 159.603
    7.57625 -108.715 199.273
    6.87408 -70.8328 178.689
    8.14898 -106.293 193.22
    7.92442 -27.9984 92.7997
    7.20354 -79.763 176.643
    7.77657 -116.424 154.759
    7.5308 -106.281 193.289
    7.56508 -93.5805 182.034
    7.45702 -124.356 159.76
    7.66765 -110.018 182.698
    7.31912 -80.4152 158.823
    7.47047 -34.736 95.7642
    6.77802 -3.67906 97.134
    6.8592 -100.036 156.021
    6.847 -41.6546 99.8921
    8.30186 -55.1022 131.562
    7.99617 -117.441 180.798
    7.48133 -105.113 197.37
    6.98355 107.285 168.712
    6.95101 -118.079 159.299
    7.70287 -68.1868 147.351
    8.50207 -119.973 168.583
    6.93922 -112.768 160.847
    6.95552 -107.777 164.857
    8.04407 -30.5504 93.7786
    7.82822 -50.4235 122.666
    7.74415 -59.3132 137.152
    7.49852 105.571 107.868
    8.39353 -23.7784 170.267
    7.51342 -14.5668 88.3343
    7.94764 -22.3383 90.981
    7.35933 37.5674 168.161
    7.18346 -75.1994 154.904
    7.26684 -24.9072 93.7214
    8.25366 -114.041 182.882
    7.20914 -12.5791 171.166
    7.886 -103.561 182.406
    7.72471 -122.632 164.602
    7.25202 -9.75011 91.862
    7.68635 76.2996 117.15
    8.39825 -99.6158 179.584
    7.33099 -56.4296 176.934
    8.30657 -115.528 182.002
    7.85009 20.9291 96.6693
    8.03857 -121.842 157.263
    7.89652 -92.5302 163.146
    7.45565 94.0235 106.622
    7.5883 -8.04745 96.9156
    9.00607 -68.269 174.114
    8.25934 -10.7324 88.0321
    7.86584 119.269 146.402
    7.97361 -86.0727 162.987
    7.50907 78.3799 116.124
    7.96083 69.7755 115.236
    8.10799 -104.94 193.205
    8.20337 -79.6365 175.465
    7.88673 51.5039 171.178
    8.79376 -117.152 180.022
    8.63641 91.6838 107.283
    8.00276 -112.604 152.968
    7.90209 -63.9421 143.003
    8.28055 -112.878 179.047
    8.39901 -94.5748 180.706
    8.69827 -93.9776 165.331
    7.78152 59.1605 172.969
    8.03417 -107.723 180.268
    6.91647 83.5032 113.818
    7.9881 80.744 177.063
    7.98044 51.8133 104.221
    7.94518 98.1955 103.897
    8.0181 -109.262 152.852
    9.19464 -34.833 170.569
    8.81473 -83.8357 175.623
    8.45323 -109.825 181.372
    8.11163 67.6234 176.04
    8.13457 63.0873 174.454
    9.04652 2.00962 97.9647
    8.29561 48.0401 102.164
    8.20895 73.35 177.308
    9.38653 111.108 112.027
    8.24033 -5.63661 169.923
    9.07559 -47.15 116.156
    9.36331 -72.5892 171.861
    8.48378 -14.7192 87.2231
    8.33132 29.117 97.5693
    8.26198 -25.0652 3.25693
    9.49057 -103.46 154.621
    11.7603 115.297 116.551
    8.79894 41.1943 100.03
    9.172 -76.1083 159.173
    8.45306 -72.4222 153.917
    8.66994 -29.9044 3.07237
    8.58208 -91.7157 166.793
    9.43424 -88.2321 174.679
    9.5379 95.462 102.362
    9.14785 -14.4767 169.269
    9.7444 -44.2908 170.758
    9.13704 -94.2694 176.024
    10.1983 109.173 163.871
    9.53707 -81.9251 164.143
    8.48555 100.952 103.674
    9.14297 -115.136 180.552
    9.51868 -97.9111 158.623
    9.18009 -90.7702 177.198
    9.05367 -117.92 156.847
    11.2855 7.98153 164.4
    9.30117 -112.392 179.643
    10.1312 -43.1407 104.594
    8.81 21.7513 164.644
    8.6473 -8.10844 92.1605
    8.71567 -12.5933 86.5759
    9.64783 -118.753 163.687
    9.51967 -101.879 176.405
    8.86297 -14.9547 81.8911
    8.75556 -1.11971 168.421
    8.99145 -21.5678 2.37182
    8.79398 -27.3673 93.4248
    9.12771 -85.0586 164.564
    8.99554 -27.1924 5.8423
    9.1536 -94.6327 171.536
    9.0946 -113.921 174.814
    8.66782 -115.67 176.554
    9.00925 -13.3306 81.0592
    9.52878 -113.914 153.762
    8.88676 -51.6262 125.94
    9.71795 -4.44995 98.8761
    10.233 -117.572 159.524
    10.2825 -17.4073 6.78468
    10.3272 103.151 170.9
    9.09133 -63.7666 174.395
    9.31462 -28.2369 3.23008
    10.6172 118.047 125.334
    9.36103 -16.8631 85.0005
    9.51167 -90.4748 168.421
    9.8176 -92.2148 172.796
    9.67525 -11.0049 85.6849
    9.72374 -21.0461 8.1823
    9.79327 98.8546 100.938
    9.17859 -113.315 178.468
    9.39174 -68.3003 149.141
    11.9633 -33.2353 96.3419
    10.6018 -114.786 166.23
    9.88137 -40.4689 100.845
    9.93184 -24.9086 88.8854
    9.7676 -74.8053 171.445
    9.7901 -21.5536 2.25699
    9.73057 -26.475 91.0564
    9.9016 -22.2114 3.18042
    10.0006 -23.9364 9.31977
    9.43708 -20.6221 9.11752
    9.90841 -86.6468 169.619
    9.78125 -19.9318 85.2387
    9.89216 -6.91356 98.2372
    10.4362 -23.9352 86.9707
    9.5883 -109.329 153.171
    9.64168 -64.6564 145.328
    10.6352 -8.43885 87.0613
    10.6377 -98.1075 171.023
    9.74955 -84.3643 173.739
    9.91752 -54.586 131.947
    9.86268 -61.0716 140.186
    11.0337 116.596 153.392
    10.4362 119.905 134.056
    9.89182 -72.0101 156.267
    10.6497 119.083 129.686
    9.81451 26.8239 165.005
    10.1302 -20.7881 11.805
    11.2889 -16.5021 65.5401
    10.1562 -16.4315 7.10689
    10.4286 -16.429 9.10256
    10.6525 -24.8308 11.7356
    10.5277 -95.8543 164.796
    11.1059 10.6857 98.9835
    12.2441 117.119 120.167
    10.5768 104.124 103.049
    10.9821 120.164 138.875
    10.0682 -77.3608 170.04
    10.5002 -20.0346 75.5704
    11.1318 -96.8241 167.552
    10.2533 -83.4522 170.077
    10.0516 -16.7334 55.3852
    11.43 -54.9783 168.67
    10.2103 -80.6694 166.255
    10.1574 88.1541 107.578
    10.3436 -75.9929 164.586
    10.5487 -17.6453 72.9191
    12.6069 -33.4357 2.87669
    10.504 -44.57 109.246
    10.2076 -29.7863 93.5435
    11.1658 -11.365 71.6103
    13.7803 -43.5361 163.328
    9.18717 -111.11 177.466
    10.2857 3.21381 165.538
    10.2277 -19.1649 55.7633
    11.3992 -32.0133 3.42483
    10.3371 -8.33177 168.228
    10.3257 -17.2341 60.6257
    11.0172 -63.2952 146.37
    9.96754 -31.8616 3.53284
    11.3024 -24.7965 166.31
    10.4941 -18.3591 58.6252
    10.7744 -70.2909 167.77
    10.6218 -7.23356 91.6098
    10.8367 -23.1034 82.2377
    12.7024 106.292 166.96
    10.5958 -112.592 153.701
    10.584 -18.1091 2.35635
    10.8039 -20.5776 60.0739
    10.7846 33.4429 165.75
    10.7213 78.8029 114.32
    11.1804 -25.7929 10.0527
    11.0042 -18.2002 50.9899
    10.9471 -101.71 171.208
    11.381 -13.8878 65.4191
    10.9335 -9.89925 84.6028
    11.495 -16.7562 11.8718
    10.8359 14.1763 164.099
    11.2944 -106.819 169.578
    10.8601 -114.538 155.541
    10.7595 -105.462 155.093
    15.0148 -29.0575 3.74261
    10.7529 -99.0091 160.365
    11.1648 100.738 98.5866
    10.9423 -70.4169 165.366
    11.4104 -18.981 1.92037
    10.8918 -57.9228 137.532
    10.6881 -14.5511 60.3378
    11.1686 -114.866 160.674
    10.8386 -72.0286 162.314
    10.9202 -15.3631 50.6428
    11.7575 98.3007 96.8985
    12.9015 -49.5624 125.143
    11.5398 74.5178 116.821
    11.911 -50.9767 128.565
    11.8188 -38.1321 165.83
    10.9746 -13.13 56.9651
    11.0185 -49.195 121.026
    10.9907 -66.5325 166.079
    11.3008 -11.6914 53.7184
    12.3509 -28.8701 89.3814
    13.0068 94.0066 173.841
    11.7189 -51.9965 130.85
    11.1703 -14.565 23.8766
    11.6646 -20.2242 64.8651
    12.2275 -31.1591 164.644
    13.0407 -47.4508 164.403
    13.1853 -30.7669 95.0365
    11.1818 -4.43374 166.711
    11.2704 -16.2143 20.8488
    12.6531 -22.4572 164.646
    11.9294 -21.303 57.9448
    11.2103 -19.8946 3.11695
    11.4682 -112.391 155.898
    11.245 94.1349 100.661
    11.5177 -20.4828 68.5702
    11.713 -102.907 167.064
    11.3495 -47.6656 116.393
    11.4504 -12.1893 22.5545
    11.5902 -17.4448 24.6273
    11.6526 -57.2887 168.535
    11.4653 -28.6248 92.0363
    11.4759 -13.509 19.2438
    11.6483 -101.208 162.647
    11.6645 -53.9096 134.385
    11.6522 -107.631 157.866
    11.8056 -109.768 163.414
    15.1514 66.5861 114.192
    12.0802 108.769 105.727
    11.7409 -61.9783 148.084
    11.7259 -19.8208 15.2475
    12.4659 58.5054 170.426
    11.5268 42.4885 167.018
    11.901 -42.4103 105.737
    11.7339 -25.4088 83.9061
    11.9218 -14.3005 5.99271
    11.955 -23.2214 74.1503
    11.6893 96.3422 96.4997
    12.1892 104.591 98.7983
    11.9974 -18.2982 17.9241
    12.4206 62.4733 111.929
    12.3801 -9.61546 54.3841
    12.3945 -9.1104 55.4374
    12.5007 -9.52778 58.4354
    12.6271 3.35102 100.621
    11.7741 113.22 112.441
    11.8058 -39.7888 102.057
    11.7809 -56.4454 138.563
    13.0656 -9.2185 66.861
    12.1006 -15.9008 27.5315
    12.195 -14.8577 46.0305
    12.0901 105.753 102.066
    12.5082 -8.91695 84.4586
    12.4359 -14.9082 17.7318
    12.7297 21.5099 99.0934
    12.1561 -10.5747 63.3964
    12.6386 -23.2768 15.0895
    12.0444 -18.0392 21.5651
    12.4907 -14.0498 7.41364
    12.3793 -17.8519 46.7386
    12.8491 -57.5094 164.594
    12.4358 -62.4435 154.865
    12.0388 113.598 8.30418
    12.5494 -16.1932 15.1904
    13.1514 -12.7387 164.953
    15.0632 -5.68627 102.755
    11.7434 -62.5166 165.111
    13.622 -27.2114 10.8632
    12.3097 118.771 145.978
    12.4819 111.329 3.31318
    12.2968 -61.9327 159.784
    12.3557 111.932 11.3767
    12.4115 -17.4307 27.6878
    13.6443 -26.0651 13.8615
    12.4614 -16.5867 41.6038
    12.2275 -11.6472 18.0944
    12.7159 -15.1791 9.77894
    12.4987 110.063 8.73335
    12.6896 -20.5596 17.9316
    12.764 119.479 134.282
    13.0255 85.0676 107.531
    12.7634 114.825 12.2178
    12.264 -6.44937 99.6141
    12.1538 -20.0935 2.88117
    13.4985 -58.2241 153.082
    13.2424 -11.5121 25.226
    12.6017 98.6036 91.6724
    13.2392 -18.9061 164.218
    12.7494 -22.2255 59.9032
    12.5935 52.018 105.164
    12.6504 -14.6326 38.6633
    14.0412 -34.1676 3.57213
    12.7589 -35.0268 98.7803
    12.8832 -17.964 35.7533
    12.5418 -14.7445 30.0924
    12.5855 95.0768 94.3284
    12.8014 -10.0684 20.2931
    13.3994 -22.7132 64.964
    12.8662 -26.348 82.9758
    12.9819 -15.5455 4.15852
    13.6846 -10.0048 48.3344
    13.5029 -24.4548 71.359
    11.3108 -20.6142 55.4562
    13.3314 -15.6231 12.7423
    14.1099 -21.8991 54.6545
    13.3247 89.4058 103.029
    13.2505 109.004 13.2431
    13.0637 111.777 5.06135
    13.4972 92.822 98.2402
    13.7584 -38.3508 103.354
    13.0451 105.611 99.4543
    13.0138 -7.22089 88.142
    13.0647 47.7438 103.375
    14.675 -8.53231 84.7095
    12.9374 29.6789 99.6584
    13.7568 -18.8954 29.5801
    13.8766 -19.1918 39.9633
    13.0472 -14.2131 5.55145
    14.1288 106.392 10.2625
    14.6067 -43.1108 106.708
    13.6029 99.4913 85.7162
    13.0046 108.462 14.2137
    13.3925 114.982 11.2855
    13.9469 -19.743 46.519
    13.5173 113.855 10.9118
    13.3382 -19.7813 20.3137
    13.2815 -19.1507 25.8662
    13.2212 -45.4769 110.161
    14.9251 -4.37432 163.012
    13.2781 42.6809 101.863
    13.7663 -12.1623 29.9666
    13.6122 89.1737 174.909
    13.3171 38.2029 101.005
    16.6593 6.78226 160.875
    14.4204 104.688 90.8721
    13.3068 21.5564 162.95
    14.2223 -20.6594 50.7934
    13.9519 -10.5145 43.8954
    14.6078 -53.6606 146.217
    13.6854 112.286 17.1081
    15.8213 118.816 139.186
    13.5437 0.0221464 163.725
    13.4379 61.8842 171.708
    13.9799 103.313 83.1167
    13.4767 -10.007 18.0633
    15.4333 -31.3251 97.6627
    13.7049 108.96 103.607
    14.4043 -36.9554 161.453
    15.4702 -51.8427 151.86
    13.6229 -11.8557 16.6853
    13.5563 118.527 125.249
    14.4233 -8.05144 75.3861
    15.4539 111.436 159.019
    15.4864 115.713 152.881
    14.7447 -14.7529 15.1767
    14.5604 -53.7952 157.963
    14.5345 -30.2663 91.9645
    14.3487 92.0258 94.9976
    13.9116 -11.8832 37.8766
    15.2466 -23.1136 61.7252
    13.8871 -9.62598 25.5601
    13.8395 -30.0494 94.0353
    13.9964 105.453 10.7821
    13.906 94.3391 90.9524
    13.8453 113.697 110.719
    14.5085 -13.5548 16.4122
    13.8671 79.85 176.061
    14.0801 -8.5379 20.9225
    12.2485 17.4742 98.969
    14.6756 103.222 87.5648
    13.6472 75.9093 114.561
    14.1397 -51.2692 139.078
    16.4653 110.408 -0.0076369
    15.071 -9.21212 50.9247
    14.0944 -8.25445 55.8978
    13.9988 -8.42801 66.9982
    13.9624 9.00782 101.16
    15.1223 -27.3158 11.0946
    13.8554 112.208 16.3906
    14.9869 -49.4092 136.137
    15.2379 110.333 1.49341
    14.047 115.829 14.9639
    14.5791 -47.739 117.399
    14.7339 -14.7982 5.26004
    14.1944 26.6124 163.102
    14.7036 107.174 92.953
    14.1328 100.488 27.3671
    14.5221 -9.31237 37.0549
    14.4967 110.131 1.09874
    14.2715 111.835 65.966
    14.2902 71.9882 175.723
    15.6397 -48.2532 129.508
    14.9106 110.794 18.559
    14.5566 -29.6515 89.3042
    14.3182 65.9787 174.065
    14.7789 -49.7124 159.426
    14.6174 108.837 73.8696
    14.4122 119.24 129.938
    14.9125 -9.86242 17.3276
    14.3405 107.42 16.4164
    18.8001 111.094 4.7762
    15.1327 -23.4018 16.9392
    17.5261 70.9383 115.93
    14.4775 116.227 116.679
    14.5186 98.5542 25.3493
    15.3661 -27.0152 80.7806
    14.8034 97.9356 29.9111
    15.2931 -20.8344 20.0905
    14.7081 110.596 60.9623
    14.8495 -9.44834 41.657
    15.9881 105.059 8.72955
    14.7997 102.559 25.2526
    14.8769 101.153 23.6143
    15.4045 -20.6752 21.8922
    14.5935 50.3244 166.448
    15.3028 -7.20577 88.8336
    14.6696 -19.8163 23.74
    15.2931 -15.3904 12.9322
    15.8742 -8.06424 18.6672
    16.5605 -31.1292 157.521
    14.9633 116.227 13.7862
    15.6912 107.173 71.1935
    15.0178 111.127 67.777
    17.8148 101.7 168.932
    15.6562 108.147 94.278
    14.868 108.563 60.4697
    15.9558 -47.68 124.627
    14.8528 -7.81813 23.4286
    15.7418 103.69 14.8506
    15.2193 109.957 67.352
    15.0632 33.5386 163.088
    15.5273 109.385 100.248
    15.0095 109.517 70.2313
    15.5336 -12.3368 16.615
    15.0635 108.591 78.3601
    14.876 69.9889 115.746
    15.4627 93.9464 88.4916
    15.0615 -19.2356 29.0808
    15.2259 114.442 18.702
    15.3173 -16.7911 4.38563
    15.5946 104.109 17.7873
    15.0398 117.593 120.927
    16.3697 -21.6257 54.1972
    15.5089 -19.6623 43.8951
    15.2112 110.966 72.0676
    13.3303 -17.9705 3.22831
    15.4155 -4.07792 103.885
    17.6997 -33.4831 3.26341
    15.4032 105.519 83.8088
    15.4288 -35.5048 102.42
    15.6458 116.457 71.2158
    16.259 -27.2858 12.3264
    15.7007 106.627 19.1105
    17.6187 -33.6258 154.83
    15.3387 44.651 164.468
    15.992 98.8125 171.535
    16.5701 2.1126 161.034
    15.2693 119.264 134.587
    15.3279 96.962 24.5849
    15.7699 118.058 67.0762
    15.1406 -7.85752 31.7018
    15.5571 115.399 69.6941
    16.1058 99.7986 33.7902
    15.317 96.2536 28.3891
    15.8603 109.818 57.0674
    15.3809 54.4324 167.37
    15.4115 -8.29804 60.6387
    15.9995 113.476 10.4022
    15.9805 -25.1241 70.8534
    15.4653 -6.51492 101.288
    15.9535 -9.47381 15.7246
    15.7897 112.514 19.4716
    15.9237 98.9894 21.5295
    15.56 104.532 25.839
    16.194 109.897 86.0454
    15.9302 109.331 96.3212
    15.9623 104.623 20.8354
    14.8703 -53.5907 148.929
    15.5345 -8.09171 56.0297
    15.8754 -7.46168 22.4503
    17.0461 113.448 108.986
    16.1739 89.6207 99.48
    16.1461 108.343 56.3708
    15.4335 115.761 15.6695
    17.0337 -22.5646 59.253
    16.8885 -30.4886 97.1413
    16.7949 104.048 28.6785
    16.3668 -37.827 104.611
    17.8712 -30.2191 156.287
    16.6036 -11.3169 15.4158
    18.4967 109.831 159.362
    19.5852 -17.8893 2.83797
    16.6537 102.548 13.3856
    16.5885 -2.89536 161.057
    15.8896 118.351 125.402
    16.0073 102.018 32.3618
    16.3171 104.13 8.81565
    16.2811 -9.52594 40.2883
    16.1793 104.812 24.1247
    16.111 -8.60565 73.0844
    16.6611 57.3505 109.307
    15.964 -45.7866 112.011
    16.2248 110.534 78.3637
    15.5427 115.128 13.8089
    16.5687 119.492 69.6288
    17.0468 -48.0451 143.913
    16.6418 90.6422 92.255
    16.6005 -19.8316 23.4723
    17.7625 -15.3808 10.1453
    16.6977 110.342 94.6782
    16.55 -25.7488 3.24325
    17.5861 -11.6648 160.151
    16.8837 -20.3897 51.849
    16.555 115.806 115.344
    17.5489 -27.1107 10.9052
    16.8219 108.335 67.6631
    16.3907 103.469 30.9578
    16.2873 -48.2127 152.923
    17.2866 -25.779 14.4253
    16.2538 -7.85612 30.3693
    16.6756 -40.5924 155.626
    16.4609 106.575 44.1037
    16.8139 118.4 64.5079
    16.4888 114.36 75.5529
    16.1857 -18.8993 29.5252
    16.3847 -29.6542 88.8055
    15.5968 111.917 106.505
    17.0719 -46.7452 118.849
    17.602 106.313 56.7121
    17.8163 57.3188 166.14
    16.2718 112.878 59.3499
    16.5308 -9.9571 49.3185
    16.4852 106.686 48.7483
    21.0689 -27.6629 152.216
    17.3323 -46.7433 131.008
    16.5135 95.333 24.9869
    16.6383 102.006 40.1343
    17.2612 109.281 19.8503
    17.4574 89.1384 94.7058
    17.0076 120.58 72.4211
    16.4972 117.644 145.814
    16.6306 114.723 18.282
    16.5094 -26.9563 3.76027
    16.6967 -8.43191 18.9139
    16.9239 97.6043 35.1142
    16.7394 -8.75671 56.4084
    17.2396 -19.2355 47.0809
    16.5802 94.9045 30.2115
    17.146 -9.35669 64.5231
    16.918 106.134 51.7264
    16.9332 106.92 38.1142
    18.1514 112.462 7.07695
    17.4329 81.1214 108.247
    17.3701 -18.2679 159.668
    16.8644 109.941 49.9072
    17.2127 -8.45119 25.8249
    16.7777 118.737 130.093
    17.3787 -23.223 64.3162
    17.1133 117.258 75.3577
    17.0276 52.1001 106.69
    17.4485 -8.14387 21.5921
    18.5985 73.3074 114.217
    18.3461 107.142 27.1571
    17.9038 102.1 10.2576
    18.5178 -41.526 148.986
    17.6443 106.352 21.2037
    17.4113 -32.6835 102.505
    17.6098 104.621 166.068
    17.3855 -10.7629 16.8852
    17.0982 25.0767 101.896
    17.4693 122.461 69.3748
    18.2532 104.628 7.99461
    17.1295 111.775 84.7076
    17.5223 105.501 23.2207
    17.6744 110.492 97.2723
    17.163 -11.4106 34.1214
    17.7811 -19.5419 20.4882
    16.0884 107.199 61.0382
    17.3902 -30.3198 92.7107
    17.4052 117.437 122.68
    17.3819 115.255 76.9215
    17.5826 -43.0286 109.114
    17.367 -18.0221 30.439
    17.85 -22.5428 16.9171
    17.1903 15.9447 102.498
    18.2384 -16.2886 15.4197
    17.2826 100.119 39.4621
    17.5239 -13.8593 17.0621
    18.3924 -16.3688 12.7432
    17.2047 8.44938 103.771
    18.7271 -10.5316 78.0932
    18.4535 -44.342 139.573
    17.4317 -14.6537 6.01103
    18.6623 -26.5166 12.2056
    17.8685 115.985 57.8887
    17.3756 92.8147 87.8009
    17.3797 32.3647 102.44
    18.9013 112.643 46.9578
    17.7688 113.96 85.5271
    16.9063 51.649 164.472
    17.6937 -10.8943 27.9694
    17.3787 2.06663 105.41
    17.7893 116.556 78.9761
    17.825 94.9834 32.7843
    19.4684 82.5414 105.322
    18.082 -33.9929 3.61421
    17.5749 47.2423 105.039
    18.1472 -18.5213 25.7835
    18.0301 111.025 102.81
    17.7877 45.524 162.084
    18.5058 -14.6965 8.53079
    17.9606 41.7451 103.782
    17.7641 -39.2897 106.726
    17.7224 118.308 135.964
    18.0069 109.522 41.6656
    18.0053 121.136 64.4106
    17.7495 36.1263 161.079
    22.3667 115.119 13.6823
    18.1876 -22.0118 61.6603
    18.7821 -19.3888 2.87596
    18.2446 107.439 67.4806
    18.0768 106.297 34.2571
    18.155 20.4404 159.939
    18.7129 -10.8723 17.3309
    17.3825 -8.97382 60.4341
    17.6983 -7.91609 90.9853
    17.7329 94.2839 172.681
    17.8037 -4.90548 106.558
    18.3347 -16.6079 36.2029
    18.0158 122.257 71.9825
    19.8489 103.61 8.40578
    18.6859 114.203 17.3626
    18.5535 97.2049 20.9382
    17.9855 100.943 13.9064
    17.9155 94.0787 27.7083
    18.8014 94.3176 25.1509
    18.1587 88.5992 98.6663
    18.5539 -11.2521 24.4649
    18.0731 98.8555 38.5563
    18.2348 -26.9471 81.2384
    19.6133 -20.4709 57.6911
    18.1663 -18.3778 47.7939
    18.8174 -36.8624 150.896
    18.504 107.103 25.3897
    17.8165 -6.61777 104.754
    18.4525 -45.0807 114.248
    18.2446 114.905 152.522
    18.2492 26.8385 159.967
    18.8496 -29.4545 89.7254
    18.3395 -16.5083 28.7674
    18.7176 89.2568 173.345
    17.5843 -9.3802 85.2731
    18.8318 114.963 85.562
    18.5489 -15.5294 18.2788
    18.5851 -17.022 46.4741
    20.0268 -33.5305 106.34
    18.3091 -13.4492 34.8651
    19.014 105.888 30.6485
    18.4884 -24.453 156.639
    18.5872 106.686 63.0585
    19.0421 -10.1284 20.3362
    18.5533 -13.6544 46.3485
    18.6995 -19.2089 18.0315
    18.6798 -14.6653 27.9141
    18.6316 118.254 77.5575
    18.5206 115.174 14.8889
    18.8026 -10.8104 61.4226
    19.5519 111.26 96.8713
    19.1236 -21.948 66.2207
    18.8146 -15.588 46.3032
    19.0766 -12.1952 65.0122
    19.6174 115.952 146.101
    19.0375 98.2955 38.0452
    19.0225 -17.5921 20.5183
    19.807 114.179 113.817
    21.3683 -30.8177 3.27478
    20.1809 110.428 101.436
    19.3089 -24.0647 14.0439
    18.6409 105.314 53.5953
    19.2034 115.819 54.6945
    19.3364 117.369 130.174
    19.6933 -12.3434 58.0504
    17.9381 109.476 -0.491296
    19.077 -20.1801 16.1364
    19.6171 -12.0581 18.415
    19.3018 108.339 26.9723
    19.3458 116.615 124.007
    18.777 67.947 115.748
    20.2196 112.686 7.65694
    19.1972 101.282 75.1384
    19.1228 123.434 68.5485
    19.7973 105.915 28.9485
    19.1566 122.816 71.6896
    19.4891 -15.5509 25.5632
    19.5428 122.47 65.2001
    18.8915 -15.0976 6.70135
    19.1067 60.534 167.091
    19.8576 -39.1968 146.481
    19.7757 -19.5127 1.8766
    19.2122 79.4938 174.02
    19.8174 106.131 21.3058
    22.0189 -23.6758 3.11444
    19.6717 107.678 35.911
    19.7865 107.863 25.7816
    20.2857 -12.4887 79.7382
    19.2211 -42.684 143.078
    19.9601 -12.7462 54.1813
    19.4574 100.342 14.417
    19.7642 105.628 23.2866
    21.9463 -29.2916 107.016
    19.4422 108.962 19.8907
    19.4613 -29.7439 93.8602
    19.4378 90.6223 89.2693
    18.733 114.488 16.1655
    20.3291 -42.0666 139.24
    20.1114 94.2132 29.3283
    21.036 105.675 24.3604
    21.8573 115.523 15.6486
    21.3068 84.0164 103.237
    20.0006 -26.0417 81.0205
    20.8694 -28.9703 104.006
    20.5719 -14.5002 52.4596
    19.4542 88.0089 94.9356
    20.7645 113.92 18.4538
    19.6834 101.664 46.3105
    19.3392 -5.84822 156.782
    19.8891 57.5511 110.52
    19.5994 117.031 134.927
    19.5329 0.937556 157.345
    20.2919 95.4118 32.4548
    19.9332 -19.5966 62.0386
    19.9894 -16.247 23.611
    20.0705 -12.5037 22.3234
    23.0214 -17.1467 152.472
    19.9598 -8.94908 94.0705
    19.934 98.6714 37.9927
    20.0477 116.648 55.9713
    19.5514 16.0481 104.445
    21.31 110.368 104.562
    19.7693 -14.4837 65.8452
    19.872 115.655 84.4585
    20.2325 -22.156 155.441
    21.2537 102.191 10.3454
    20.7761 -23.639 12.0557
    19.8633 8.38453 106.321
    21.6091 110.071 0.163006
    20.1755 -28.819 101.107
    19.9316 -17.1661 66.3385
    20.1543 29.5324 104.332
    19.8843 71.411 173.172
    19.8573 8.46261 157.464
    20.2729 -14.09 61.7723
    20.4609 105.897 6.02865
    20.7153 -16.7584 52.2254
    19.951 -10.7985 156.178
    20.3136 -11.2138 87.1403
    20.3381 112.904 47.2821
    21.2881 86.3919 98.2417
    20.094 -17.9888 64.8383
    19.9869 -14.1319 19.9574
    20.0335 106.237 56.7195
    20.652 -25.0381 10.1808
    20.0118 1.68967 108.455
    20.5348 -28.0143 87.7019
    20.5015 69.7944 116.558
    20.4263 -17.4991 10.1094
    20.7845 -32.9096 3.39552
    20.4803 107.171 27.1637
    20.8772 -14.4738 80.3937
    20.5874 106.735 62.714
    20.365 -5.72709 110.074
    20.2252 111.74 6.60929
    20.5968 -19.646 70.745
    20.5921 107.246 36.1294
    22.2455 -30.4749 149.213
    20.4213 109.182 39.7625
    20.1307 118.686 77.0465
    21.2679 -24.9268 81.8456
    20.7024 122.963 70.4799
    20.2274 106.697 68.1956
    21.9101 -43.3348 124.249
    20.3457 119.562 61.3337
    20.3942 65.0014 170.243
    21.5116 108.821 19.0558
    20.5472 -17.8454 7.60252
    20.6927 -18.5488 58.753
    20.3849 97.6977 20.8486
    20.9443 -17.5797 8.08766
    20.7924 105.225 31.772
    20.4833 102.914 165.952
    20.6927 94.9524 25.3212
    20.5415 51.5786 108.176
    20.8069 -16.2061 59.0551
    20.5545 98.8788 169.419
    20.8495 -16.1543 76.0963
    20.8591 25.3894 157.618
    21.177 41.7342 105.916
    20.6306 113.563 152.241
    21.7133 -22.7345 79.3927
    20.5364 115.216 120.216
    21.0614 -6.96871 108.447
    22.1326 -40.9264 114.037
    21.0254 114.418 53.0879
    20.9835 113.548 89.4672
    20.9907 99.3493 37.1602
    22.2872 -29.6793 2.75988
    21.5681 99.3536 76.6961
    20.9134 108.75 158.572
    20.9055 -20.4951 11.9073
    21.9682 112.027 19.3086
    21.4868 117.003 58.4406
    20.9741 79.6618 108.548
    21.8181 114.672 124.004
    21.0757 118.155 75.7788
    21.3102 -28.5994 92.9067
    22.2055 -16.5984 84.5529
    21.3515 81.2151 105.872
    21.3352 73.792 112.953
    21.3173 121.498 71.3074
    21.3646 47.0884 107.092
    23.4293 -41.3611 130.41
    21.7777 104.088 28.4954
    21.828 106.719 55.4702
    21.7082 112.962 53.3007
    23.7718 66.8004 117.272
    21.5962 103.22 22.6102
    21.2091 -8.66441 103.078
    21.2611 110.658 98.8322
    21.2618 120.521 66.9443
    22.8097 45.9835 158.132
    21.881 103.786 20.4388
    22.4839 -23.0639 6.23623
    21.5514 98.5806 21.1222
    21.4335 14.6314 106.998
    22.5362 -37.1352 110.733
    21.56 -23.1783 9.42019
    23.1384 52.0055 159.235
    22.2258 -13.283 88.384
    22.0543 105.68 18.8996
    21.9862 -26.7093 88.1016
    21.5386 8.0392 108.929
    22.724 110.743 109.46
    21.8265 -11.9534 93.4023
    21.711 -21.9068 10.2277
    23.4443 -40.6835 118.305
    21.7741 100.924 16.401
    21.4495 -1.07004 111.762
    22.413 -11.3784 97.8735
    22.7142 104.256 71.7538
    21.5041 -27.6191 100.191
    21.9992 109.57 -0.214562
    21.1634 33.1419 158.159
    21.5385 20.0979 106.386
    22.3033 112.681 88.9178
    22.278 115.745 73.3813
    21.1902 107.456 67.278
    21.6179 70.9899 116.111
    21.6375 107.203 37.803
    22.5284 108.092 64.6398
    21.8067 104.912 49.7655
    21.3955 115.415 132.722
    21.9166 99.7167 33.6763
    22.247 119.356 69.1457
    21.8073 -21.1341 2.68307
    22.3265 -6.30012 113.745
    22.2039 97.1852 30.5442
    24.1033 -29.7034 110.699
    23.2293 103.351 12.5243
    22.6052 -25.6 2.47704
    25.665 113.521 9.73406
    21.9112 103.975 31.9032
    21.8391 109.246 44.7684
    22.0378 56.1076 161.582
    22.5889 105.684 160.564
    21.9146 91.7874 86.6732
    22.2698 103.529 42.8521
    22.428 -8.3349 150.349
    22.6088 104.616 9.0304
    23.7556 -32.6187 144.596
    21.9588 96.1685 169.953
    22.9045 -25.9644 104.89
    22.4042 29.7426 106.466
    21.9952 88.7456 91.9451
    22.1851 1.82925 153.097
    22.4847 100.117 23.6352
    22.2359 114.92 80.6669
    22.3315 -40.4247 137.801
    22.1109 -10.8606 151.521
    21.865 -20.2001 77.4941
    23.6256 59.065 113.126
    24.3121 108.637 105.014
    22.4346 101.8 30.5289
    22.1771 102.834 34.3706
    22.1819 96.979 24.6279
    22.7387 112.977 145.551
    22.1927 102.41 18.7327
    22.2253 -19.6791 153.638
    23.0147 -29.3712 3.27887
    22.8032 103.967 25.8724
    22.6539 112.352 54.904
    23.2597 -10.3363 105.531
    23.2338 111.031 152.037
    23.2424 -24.7551 89.1898
    22.8116 29.8709 156.161
    24.1308 -7.69413 113.277
    23.0756 118.389 66.2498
    23.0455 -24.6502 2.95698
    25.1645 110.957 2.82372
    22.7987 110.31 53.0109
    23.021 105.189 16.6103
    22.394 113.577 18.4508
    22.1927 96.2529 27.0257
    23.1734 -38.8361 113.736
    22.6893 -27.0232 93.3885
    23.775 99.3388 166.212
    22.807 -19.5368 84.5536
    23.3316 116.118 13.3737
    23.0481 109.466 55.1798
    22.9798 108.359 67.8733
    22.7558 92.3629 170.495
    23.4581 -0.645214 116.66
    23.1681 105.449 9.11626
    24.2733 109.769 111.127
    22.902 108.067 55.4973
    22.8176 -14.3493 152.111
    24.2486 -5.34814 119.636
    22.9588 -8.08184 110.285
    22.8322 19.6266 154.657
    24.2594 -24.0246 149.447
    22.9452 -14.1602 92.2571
    23.9234 -30.2073 145.689
    22.8961 -25.6086 101.898
    23.1638 110.467 96.7481
    23.4876 -16.5304 99.0291
    23.0053 12.282 153.499
    23.1871 7.11762 112.561
    23.4061 100.482 27.2379
    23.1591 107.71 60.1292
    24.4028 114.512 61.2465
    23.8919 113.689 73.1076
    23.4829 115.938 14.4962
    23.7923 113.396 78.2041
    24.3392 -17.6445 94.5862
    24.5936 -35.9851 139.263
    24.8711 115.697 65.5909
    23.2371 79.774 108.707
    23.2625 87.6931 170.843
    24.0041 98.9764 77.6272
    23.4961 81.0171 106.065
    23.5425 110.067 17.5196
    23.5388 70.4655 117.198
    23.3006 82.8122 104.508
    23.9384 60.2588 161.775
    23.6087 13.8647 110.849
    24.766 -39.8083 123.392
    24.9034 -16.9386 105.345
    24.3109 110.704 144.83
    23.9523 112.032 130.072
    23.9741 -13.2848 107.417
    23.5846 85.1199 100.829
    23.9502 -24.5546 94.6791
    23.6214 76.7584 111.055
    24.8832 110.642 121.633
    24.6974 112.922 70.6948
    24.1926 101.811 162.83
    24.1101 46.1637 109.023
    23.7177 -23.3359 104.447
    24.7374 105.837 10.8533
    24.8249 -25.0905 108.683
    23.7958 -7.05884 146.797
    23.8507 61.5052 164.093
    23.9078 80.2997 170.97
    25.6677 109.741 86.0142
    24.1759 -0.24389 147.433
    24.0258 19.6226 109.841
    24.5642 -20.7672 93.7632
    25.2702 108.589 92.2986
    24.5311 88.924 92.4156
    24.1096 -19.9636 103.407
    24.8568 -37.8084 135.881
    24.1553 111.041 16.4749
    24.0798 72.8927 114.332
    23.9955 109.086 69.0102
    24.8648 -35.2972 115.602
    24.932 110.293 1.09208
    24.6422 -20.6816 98.0452
    24.8454 10.0387 115.044
    24.5499 111.767 73.2629
    24.3877 110.076 64.3632
    25.0055 -11.3461 111.504
    24.3154 108.919 59.3754
    24.2903 63.9358 166.546
    25.3479 25.3901 152.107
    24.8915 106.741 11.1706
    24.7539 110.864 76.3339
    24.6044 106.299 14.171
    24.8348 109.473 95.2216
    25.9663 99.3791 162.713
    24.5883 92.8623 85.7335
    25.4194 -15.89 109.041
    24.4147 -0.656436 120.488
    25.3347 -14.5621 111.016
    26.44 -27.2619 143.567
    24.2974 -13.4955 146.615
    25.1919 108.168 13.3664
    25.7017 110.133 132.394
    24.9763 27.2482 109.855
    24.9994 57.2422 113.573
    24.6322 69.1344 118.512
    25.2824 114.762 65.7093
    24.6322 72.2327 170.085
    26.0619 111.852 3.80299
    25.0744 103.418 75.3348
    25.8857 -8.26486 118.798
    24.6908 66.6971 168.122
    24.7283 110.683 59.2926
    24.7482 14.4209 150.845
    24.6527 110.682 69.902
    24.885 71.4519 117.369
    25.1235 8.68657 148.491
    24.8944 -1.79631 124.222
    25.6128 -38.5942 128.668
    26.6485 -28.5592 113.926
    25.155 -5.43419 124.886
    24.2968 51.1694 110.331
    25.4334 -20.8448 107.621
    25.617 65.1203 118.512
    25.9047 111.132 11.8777
    24.9314 -7.41369 141.908
    25.2424 -1.80695 142.029
    25.1887 112.025 65.2789
    27.0668 107.431 85.9251
    25.384 114.854 12.1577
    25.3826 -6.56035 130.45
    25.3177 95.3583 167.145
    26.0338 6.19646 122.646
    25.4239 -4.83425 136.322
    25.9233 107.049 73.4911
    25.4603 81.0366 108.994
    26.2942 113.503 7.69299
    26.4173 108.073 82.5246
    26.2191 4.06388 128.003
    26.6219 -32.6105 137.245
    26.0509 109.169 7.47895
    25.6903 82.2428 106.621
    26.0491 108.508 73.7999
    25.8943 -8.34161 133.717
    26.877 -9.69434 119.674
    27.1643 -32.5163 117.423
    25.7795 99.1844 79.1851
    25.7849 -17.5511 146.445
    26.1078 85.4848 102.734
    25.9757 37.9594 153.624
    26.1315 0.893946 137.525
    25.799 -20.7708 147.319
    25.9064 47.1972 154.75
    25.8909 108.659 145.637
    25.9413 -10.515 114.646
    26.5429 39.2989 111.568
    26.2645 63.0558 162.396
    27.1862 15.7755 118.232
    26.3512 19.5724 149.173
    27.2829 15.7317 145.805
    27.8578 -23.166 112.671
    26.8229 8.72225 143.191
    26.006 78.4109 111.24
    26.1041 -7.38085 122.881
    26.6653 106.754 104.371
    26.2627 18.6505 114.037
    26.498 108.848 78.9149
    27.3169 -33.1923 133.784
    26.2158 -13.214 140.83
    26.4541 111.172 3.47248
    26.1541 -18.2487 109.182
    26.3994 55.3113 155.909
    26.969 112.863 7.94585
    26.107 106.207 152.595
    24.9353 108.114 100.635
    27.3574 108.543 133.281
    27.7667 -34.6861 127.142
    27.3718 -12.1885 131.881
    26.2693 69.2981 121.626
    26.4069 90.2769 167.632
    26.7023 94.6746 85.6059
    27.3421 108.349 123.424
    26.8093 -8.65185 127.615
    27.9304 -14.3977 117.176
    26.6066 75.7006 114.542
    27.1457 -35.3276 122.591
    26.7855 71.6961 121.319
    27.6886 10.3773 140.064
    26.9115 90.8705 91.7806
    27.3513 105.393 94.765
    27.0321 61.1478 157.419
    27.2346 103.117 79.2526
    27.4389 26.3012 113.961
    27.2481 -17.3433 112.366
    27.7618 -18.3335 116.142
    27.8036 -15.6142 135.184
    28.6776 104.842 106.042
    27.4086 49.4235 113.726
    27.3516 106.685 80.093
    27.3376 55.7772 116.26
    27.5896 -12.3288 121.594
    27.3701 -18.5292 138.387
    27.2155 65.1806 163.771
    28.1949 103.05 82.1415
    27.2603 82.869 167.606
    28.2803 -20.4878 113.097
    27.3998 -20.1147 141.166
    27.3613 74.6687 117.64
    27.3974 -23.2775 142.493
    27.7634 -28.2783 139.103
    28.2065 70.6096 127.144
    27.7559 66.8414 124.271
    27.8407 9.58169 133.064
    28.4544 84.0581 110.309
    28.5735 -24.2623 115.581
    29.6844 105.429 124.37
    27.9469 103.679 99.3731
    28.3693 105.592 112.468
    27.7608 -11.6549 125.491
    29.263 20.5344 122.07
    27.9888 85.046 106.468
    28.0324 97.9534 85.0862
    28.3399 71.952 126.43
    29.6683 19.245 126.275
    28.4955 -28.1738 119.373
    27.9143 105.463 145.985
    28.2631 104.226 86.2916
    28.3345 -16.8433 128.133
    28.1568 104.387 91.0861
    28.1112 87.6218 103.513
    28.0255 81.0927 111.639
    28.034 68.8631 165.477
    28.0579 74.743 166.832
    28.3349 64.5594 158.565
    28.6152 106.414 136.437
    28.1395 21.4763 146.157
    28.1199 26.8349 147.814
    28.1652 93.7999 163.589
    28.8429 -29.652 132.668
    28.7484 -16.9991 122.766
    28.8092 -31.6333 128.446
    28.2476 51.324 151.42
    28.5252 -17.6197 131.33
    28.3259 102.298 152.896
    28.6335 74.7719 122.054
    28.6214 22.7349 118.014
    28.8225 -31.0664 123.862
    28.5732 -21.6472 119.39
    28.6917 38.156 149.424
    29.0176 38.1264 115.489
    28.4982 93.3483 92.1968
    28.5246 59.6227 153.028
    28.5566 97.9798 158.606
    28.9728 -23.2654 130.538
    28.8195 79.122 114.941
    28.722 -27.3703 123.726
    29.2314 -26.8617 132.607
    28.9499 -20.985 115.976
    29.9899 19.0626 136.106
    29.31 67.9959 131.29
    28.9369 99.0808 98.389
    29.0773 18.127 141.157
    29.1725 -25.9521 127.308
    29.7829 53.9661 120.159
    29.9013 104.598 121.79
    29.0526 66.1182 159.813
    29.1617 98.4072 90.2395
    29.1031 93.1033 100.503
    29.5468 96.6873 101.266
    30.3404 100.516 104.7
    29.6782 64.5554 153.906
    30.6385 21.6217 130.857
    29.5283 91.0765 103.69
    29.8513 29.4665 118.352
    29.4013 86.6283 163.652
    29.6374 104.258 116.824
    30.0053 83.2346 113.536
    29.6016 87.4224 108.621
    29.7607 47.776 117.605
    29.9319 25.0527 142.698
    30.895 103.458 131.758
    29.7883 77.5378 122.052
    30.2163 74.365 129.947
    31.2879 57.9545 128.023
    29.9245 68.1447 160.892
    29.944 102.162 144.683
    30.239 68.5081 137.063
    30.7277 70.2052 139.178
    29.9904 57.9336 147.441
    30.6572 67.0794 154.626
    30.62 86.1725 114.479
    30.2703 63.0107 148.299
    30.3064 78.8235 163.024
    30.5442 65.2975 135.993
    30.5934 101.42 111.461
    30.6055 26.7373 122.274
    30.3688 72.6248 162.109
    30.839 83.3115 117.12
    30.4169 52.021 146.202
    30.6011 92.1838 108.961
    30.9724 45.3048 145.086
    30.7805 94.5851 105.333
    30.9587 88.3855 112.252
    30.7302 97.6301 152.77
    31.4666 27.3456 126.728
    30.7468 91.6307 159.136
    30.8406 64.7339 143.201
    31.1601 36.5675 143.77
    31.1 66.7454 148.957
    31.0118 97.9792 108.174
    31.1285 100.407 116.849
    31.3645 41.8989 120.607
    30.9653 60.1626 142.118
    31.2298 26.0788 137.078
    31.1237 68.1344 144.1
    31.2332 61.2746 137.829
    31.9488 80.0569 128.807
    31.4248 96.1838 114.165
    33.0877 75.4279 140.375
    31.5356 50.7092 122.963
    31.7453 33.8995 123.212
    31.7828 101.452 123.96
    31.6543 71.3944 155.8
    32.0103 56.3933 131.846
    31.4802 99.5772 139.783
    32.0291 84.1212 123.996
    32.4199 91.0193 117.572
    32.5343 96.6351 120.907
    32.393 89.6292 118.757
    32.0138 51.0533 140.386
    32.2116 30.2277 131.775
    32.7759 88.8758 123.082
    32.5669 36.3992 138.138
    33.1014 73.2966 144.667
    32.4141 99.6295 132.41
    31.9935 96.9315 146.028
    32.8304 71.0383 149.7
    32.1505 84.8185 158.714
    32.1535 74.1291 156.773
    33.0677 97.7278 126.328
    32.3834 53.3633 135.56
    33.0316 86.963 127.497
    32.5053 51.1482 126.837
    32.4444 78.9508 157.891
    32.864 42.9966 138.692
    32.6962 44.6907 125.206
    33.0662 39.2024 128.396
    32.5412 95.9837 139.395
    33.2929 47.9207 129.824
    33.0111 91.9469 152.559
    33.2476 91.9228 145.457
    34.0267 79.5761 139.525
    33.3828 96.1576 131.469
    33.2217 48.2049 134.276
    33.392 95.1239 125.327
    33.6064 86.9255 144.467
    33.3132 91.8543 124.891
    33.4718 41.5039 133.188
    33.613 90.153 129.322
    33.4795 77.0332 149.853
    33.6978 90.0193 138.063
    33.8205 77.4825 143.953
    33.687 79.3707 150.681
    33.7779 87.1974 152.159
    33.8135 82.6615 151.358
    34.0129 82.1303 143.866
    34.1471 87.2135 138.048
