    -17.0342 18.9723 40.4824
    -16.8815 21.8155 44.1568
    -16.7496 18.1549 34.1315
    -16.8769 20.5983 36.2718
    -16.8493 17.4037 42.994
    -16.7204 17.9865 45.9449
    -16.8977 23.6753 41.5188
    -16.6733 25.7901 37.5927
    -16.8086 16.7616 37.5783
    -16.667 15.5795 42.9025
    -16.619 26.6699 41.7967
    -16.6266 25.3722 44.8089
    -16.4741 21.4948 48.2024
    -16.4469 18.8139 48.4629
    -16.4985 14.3272 39.6296
    -16.3473 21.723 30.0012
    -16.4068 27.9363 36.9353
    -16.288 18.1273 29.8612
    -16.4295 15.7363 33.1359
    -16.1492 26.9663 31.8806
    -16.2324 25.2558 48.1792
    -15.9358 29.0785 45.0701
    -16.1238 29.7222 38.0503
    -16.1156 29.3255 41.6912
    -16.0215 19.9015 27.8784
    -15.8775 15.9505 50.4129
    -15.9956 13.3935 45.4778
    -15.8992 14.3684 48.4962
    -16.1264 13.3189 36.1312
    -16.0756 14.2146 32.5925
    -15.9858 12.5655 40.9079
    -15.6934 17.5562 52.2829
    -15.7647 30.0475 33.5093
    -15.8849 20.1455 51.6304
    -15.6819 23.7458 51.7321
    -15.7499 22.3478 26.6903
    -15.8659 26.3725 28.9306
    -15.6849 14.9948 29.223
    -15.7716 26.9578 49.3797
    -15.3279 31.2792 29.126
    -15.6727 18.1618 27.1135
    -15.7362 30.9286 40.0353
    -15.5241 11.8466 34.3194
    -15.4503 12.7163 31.1883
    -15.595 11.6506 38.0421
    -14.9981 10.7091 48.0453
    -15.1947 27.8831 26.1047
    -15.0352 31.3733 26.2071
    -15.3281 31.1194 44.4987
    -15.1993 19.2839 54.4618
    -15.2496 21.9661 25.1969
    -15.0117 30.3087 48.3622
    -15.079 28.243 50.9328
    -15.3521 -15.0313 48.8526
    -15.2563 17.4224 26.4201
    -15.2051 -9.51236 51.6235
    -15.2923 -15.5765 50.9149
    -15.2299 -19.0716 48.9602
    -14.976 32.4578 38.4539
    -15.0855 -8.14002 54.3201
    -15.206 -18.5471 46.7934
    -14.949 11.776 51.4228
    -15.2385 31.5053 33.0568
    -15.1726 -38.3408 45.6532
    -15.1514 -36.2343 45.8859
    -15.0801 -16.5587 45.3633
    -14.8792 33.9542 26.4126
    -15.0763 25.0847 53.4409
    -15.0856 -35.7523 48.214
    -15.0143 -11.8062 47.3873
    -15.0048 -35.9814 42.53
    -15.0624 -18.5613 51.3561
    -15.0136 -11.285 54.4975
    -14.8007 32.9759 30.0489
    -14.3287 8.62765 42.5702
    -14.9903 -40.1645 42.1099
    -14.6052 9.29505 46.2767
    -14.9262 -40.2094 46.453
    -14.681 27.8486 24.5281
    -14.8601 13.7006 28.1354
    -14.6896 -32.3863 43.2386
    -14.8308 -21.1375 43.5537
    -14.6457 12.831 54.3113
    -14.5305 -37.4568 36.9935
    -15.0271 32.3556 41.46
    -14.7869 22.3027 24.2554
    -14.788 -38.1256 49.4151
    -14.7226 -25.5224 46.299
    -14.7271 -5.72164 56.634
    -14.7017 -25.1445 49.2577
    -14.6907 -41.9255 44.806
    -14.451 -36.3905 52.6342
    -14.7123 34.3969 27.559
    -14.421 -2.86658 50.9168
    -14.7662 -39.5255 48.5151
    -14.5507 -42.8092 42.1549
    -14.5872 -1.35673 54.5961
    -14.7003 -15.6472 43.2263
    -14.6015 -20.666 40.6037
    -14.5741 -23.4527 40.4754
    -14.3193 9.94688 32.4588
    -14.5353 34.4436 23.5261
    -14.5584 -33.4517 38.7428
    -14.6614 -32.1133 46.1019
    -14.3572 33.3892 37.8386
    -14.4179 14.1156 55.9636
    -14.6542 32.632 33.3199
    -14.7132 16.1327 26.2449
    -14.5117 9.47517 36.281
    -14.0454 27.7082 54.6241
    -14.7351 39.1907 2.13956
    -14.6728 -20.6357 52.3653
    -14.6466 41.0689 5.89664
    -14.6354 -10.4288 56.591
    -14.5163 11.6181 29.6593
    -14.6224 41.0733 1.7023
    -14.7597 -34.6642 50.5641
    -14.5949 37.5991 22.4634
    -14.5786 10.1902 52.7391
    -14.4379 31.0792 23.801
    -14.4788 8.73109 49.4411
    -14.5226 38.7411 23.2985
    -14.6201 -28.7492 46.3723
    -14.5187 -11.6158 44.6704
    -14.565 39.7597 5.11133
    -14.3004 -34.9174 35.5537
    -14.3073 32.4921 47.0633
    -14.5806 -29.2991 42.7919
    -14.3831 39.1412 0.429831
    -14.488 20.05 56.5023
    -14.4663 -26.8651 38.8148
    -14.3902 19.5585 24.437
    -14.3451 36.2416 21.808
    -14.3709 37.7742 25.4084
    -14.3817 34.3212 28.8899
    -14.2285 42.6749 4.3265
    -14.3483 38.191 1.7817
    -14.3324 42.4209 7.0549
    -14.3075 -31.253 49.6573
    -14.3054 -42.8293 38.058
    -14.3343 38.8934 4.16388
    -14.3128 -30.4207 38.981
    -14.1158 39.7827 18.4537
    -14.3547 -4.32935 58.3501
    -14.3081 -27.8291 50.6894
    -13.9831 -40.9532 32.6526
    -14.1461 -44.1433 43.302
    -13.886 14.6668 57.9519
    -14.0094 24.5871 56.3662
    -14.1881 -38.8659 33.6347
    -14.0266 26.8237 23.3425
    -14.2626 -18.5627 39.2542
    -14.3582 2.74721 54.4548
    -14.363 7.56809 51.8809
    -14.2634 7.34858 55.6681
    -14.1911 10.4396 56.6717
    -13.8639 34.1187 40.54
    -14.1601 41.5094 0.671428
    -13.9159 -3.12252 47.6288
    -14.262 5.26487 52.2517
    -13.806 40.0254 -0.317993
    -14.1243 -25.3887 36.4272
    -14.1178 -21.756 37.9084
    -14.028 -37.307 33.3299
    -14.3055 -34.563 53.1127
    -14.2998 -20.725 53.6731
    -13.8211 33.7015 45.5762
    -14.0431 -31.2443 36.4716
    -14.0934 0.931227 50.6362
    -13.8472 30.776 52.0908
    -13.8789 33.8107 33.489
    -14.0277 -40.7915 50.825
    -13.8952 -31.4503 52.6664
    -13.9576 6.26179 46.7122
    -13.9458 -43.1422 48.8234
    -13.653 34.059 35.6217
    -14.0811 7.60197 45.0881
    -13.4715 12.5963 27.1401
    -13.6921 43.4156 2.89432
    -13.7892 -27.8814 53.0128
    -13.816 43.9073 7.08324
    -13.8214 -44.6902 32.9793
    -13.8571 34.6283 21.5836
    -13.7338 38.2644 17.6695
    -13.9245 4.46595 48.4624
    -14.0478 -73.8384 70.765
    -13.9983 -6.34849 59.5334
    -13.9666 -75.0096 72.7177
    -13.9302 40.3585 22.306
    -13.6338 -9.82187 42.2425
    -13.7928 23.0967 23.2805
    -13.895 42.871 8.83401
    -13.7583 38.4286 -0.0479263
    -13.5523 -37.3432 55.6974
    -13.9713 16.5414 25.2642
    -13.8715 -74.2991 71.2272
    -13.7337 41.8858 14.5447
    -13.5183 7.0487 40.1302
    -13.5857 -76.247 73.689
    -13.6058 31.2769 22.3516
    -13.7838 41.4859 12.4562
    -13.9504 7.4516 58.5586
    -13.4835 38.3978 4.40591
    -13.6906 -72.6307 67.9757
    -13.6314 -15.5662 38.5841
    -13.8349 -72.2429 67.3249
    -13.7578 41.1245 7.57869
    -13.7033 40.3148 14.1786
    -13.7243 -44.722 46.963
    -13.6342 -19.3106 36.964
    -13.6527 -32.3612 34.4056
    -13.0277 8.44782 30.83
    -13.462 22.0779 58.3401
    -13.7727 41.3383 9.09517
    -13.3427 34.5607 37.7633
    -13.5533 -35.3744 55.8664
    -13.5049 -31.2552 54.2187
    -13.6012 -70.7538 67.697
    -13.4042 -46.4874 33.3248
    -13.5518 -40.0588 29.7264
    -13.1617 -36.4058 31.0368
    -13.6868 -72.8389 70.5452
    -13.4928 10.1235 29.6393
    -13.7518 -20.278 55.4252
    -13.5509 0.0808829 47.1235
    -13.2464 -33.9465 32.7047
    -13.3059 40.8537 24.8433
    -13.4575 -71.5533 64.851
    -13.2372 19.9511 23.5716
    -13.5334 -45.6225 44.3377
    -13.234 43.6911 10.9387
    -13.254 -45.19 52.4496
    -13.9187 -12.1028 58.4362
    -13.4654 39.2117 15.0114
    -13.4628 16.3299 59.1871
    -12.8938 35.0902 32.3122
    -13.464 37.6538 1.12225
    -13.4354 4.58515 61.0398
    -13.4876 -24.9793 34.3272
    -13.0378 18.988 59.8005
    -13.3074 35.1312 20.4081
    -13.2812 -76.0002 73.7409
    -12.9075 -40.2471 56.2995
    -13.1217 32.4703 51.8702
    -12.6718 36.0839 30.315
    -13.0136 10.8039 28.157
    -13.4871 -9.68664 60.2612
    -13.2722 -21.2005 35.66
    -13.1438 -2.42757 44.5729
    -13.2715 -43.4959 26.4716
    -13.2891 -45.3547 27.7528
    -13.3194 2.32082 45.3801
    -13.198 42.5459 17.3339
    -13.1172 7.43905 33.615
    -13.1812 -46.5156 39.2558
    -12.9593 34.8775 45.4183
    -12.969 -69.3525 66.9456
    -13.1805 39.9468 11.4708
    -12.6198 37.5411 28.5657
    -13.1252 -73.2067 70.1094
    -13.328 -72.2912 68.2276
    -13.211 38.2305 0.0912496
    -12.6533 -71.7845 64.0978
    -13.0775 -69.2585 65.6102
    -13.1156 41.6755 0.135738
    -13.0674 3.87963 42.9251
    -12.5993 -71.2213 63.5117
    -13.2709 -3.90073 61.6492
    -13.0731 -46.7397 29.0023
    -13.276 -46.1834 49.9005
    -12.7131 37.0811 16.5619
    -12.7362 39.1551 6.62466
    -12.9703 -71.7825 66.7476
    -13.0231 4.99124 41.314
    -13.0391 44.5467 5.66629
    -12.9367 36.4987 1.07453
    -12.8115 39.352 -0.281547
    -12.8476 43.073 1.88222
    -12.9432 44.9095 7.57112
    -12.8993 32.3075 21.4223
    -12.7892 36.7584 3.35473
    -12.973 27.8633 22.4424
    -12.8434 40.2548 7.91383
    -12.9456 -46.8386 41.9651
    -12.3627 -69.5625 68.1733
    -13.003 -42.6744 25.2787
    -13.1191 -21.354 56.612
    -12.7824 14.9802 25.3621
    -12.8484 -28.8504 55.7402
    -12.9434 -38.4921 28.107
    -12.7996 -40.022 25.5048
    -12.4305 37.2654 4.93225
    -12.8654 -47.2174 45.671
    -12.818 37.2504 -0.193359
    -12.7372 -15.7102 36.2573
    -12.7783 8.65014 62.4616
    -12.4899 29.9513 56.2479
    -12.8278 -47.7783 49.3271
    -12.7274 17.3593 24.2474
    -12.7592 -0.0857112 43.6768
    -12.4928 -10.7203 38.3002
    -12.8182 -70.2177 63.6996
    -12.5087 34.1237 50.6991
    -12.7684 -68.7261 63.8868
    -12.952 -13.8747 60.0654
    -12.8035 -44.8878 54.7095
    -12.6225 44.445 11.1135
    -12.1447 -34.9659 29.2998
    -12.7048 34.2423 20.4294
    -12.2419 -77.2778 74.0822
    -12.245 -46.2627 22.9324
    -11.7863 -75.2971 72.1333
    -12.5255 -47.7602 52.5666
    -12.6204 -66.9488 64.2148
    -11.8495 45.3553 6.16243
    -12.6016 26.5412 58.2314
    -12.7817 -9.94111 61.6708
    -12.5699 -47.8554 29.4263
    -12.3785 -35.811 58.6552
    -12.5089 -31.804 56.9693
    -12.6009 -18.1557 35.0917
    -12.4397 38.3128 -0.821105
    -12.3747 42.6854 20.8419
    -12.3103 38.907 11.7935
    -12.1191 42.5546 25.4349
    -12.6205 -66.1958 61.4733
    -12.4073 -37.5179 58.734
    -12.3819 -48.1895 32.9376
    -11.9026 -71.8822 68.3873
    -12.3178 34.7838 19.7801
    -12.5919 -68.1581 59.0354
    -12.5374 -69.5722 60.356
    -12.2095 35.6985 44.6631
    -12.636 22.8734 22.7986
    -12.4513 5.55211 35.5355
    -12.2769 -66.8857 65.9133
    -12.5421 -5.25246 62.9192
    -12.0823 35.4097 36.2989
    -12.218 -23.3049 58.0698
    -11.8774 3.97882 35.8355
    -12.0673 -39.0207 23.8442
    -12.0616 -42.9249 58.2819
    -11.1816 45.0167 5.10979
    -12.3669 -65.9216 63.1761
    -11.648 -47.5321 56.5775
    -12.1493 -6.76748 39.0873
    -12.0132 36.6148 4.23635
    -10.8328 -71.5297 70.4197
    -12.3231 41.3239 0.324852
    -12.5121 8.51307 29.6816
    -12.2724 -65.8227 58.2306
    -11.9782 -40.3326 59.1576
    -12.3134 -40.5894 23.3483
    -12.3203 -49.0574 48.4617
    -12.245 36.188 17.2108
    -11.9784 26.5719 22.2122
    -12.1482 7.76629 63.8259
    -12.4834 -71.6951 64.9215
    -12.0098 35.4677 34.2905
    -11.8273 -24.9133 30.9082
    -11.467 1.23799 37.3434
    -11.8749 -67.7303 55.8355
    -12.3846 -0.859615 63.435
    -12.1993 -14.705 61.21
    -12.0271 -20.8384 33.3824
    -12.371 20.5344 60.7702
    -11.486 31.1673 57.0709
    -12.1 -47.5189 25.2998
    -12.3675 -70.7727 62.4841
    -11.4712 -31.1981 28.4475
    -11.349 36.3594 44.2598
    -12.2051 11.4879 63.3427
    -11.867 5.53829 32.9723
    -12.1808 -70.6771 59.3242
    -11.9048 -43.0875 21.5001
    -11.9314 42.134 26.4387
    -12.2525 -69.3357 57.7687
    -12.2521 11.5544 27.0135
    -11.4824 43.2827 2.20704
    -11.8506 -46.219 20.8754
    -11.981 45.4539 7.78118
    -11.4656 36.0648 0.34672
    -11.8628 -48.3234 38.9314
    -12.1449 -48.174 43.4623
    -11.8896 -71.6004 62.2656
    -11.4978 -72.4238 69.1671
    -12.0258 -37.9703 25.6156
    -11.9376 -0.636815 40.7858
    -12.1344 43.7635 17.2066
    -11.7973 -29.3291 58.1162
    -11.683 -72.0684 60.8476
    -11.5777 31.2223 21.2766
    -12.1038 -71.4636 57.7567
    -12.0328 -69.2916 56.3085
    -11.6384 36.9368 -0.719556
    -11.5957 35.454 50.285
    -12.0008 -10.2258 62.882
    -11.5665 -71.6867 62.8345
    -11.5808 19.017 23.4193
    -11.426 40.6581 -0.301698
    -11.9764 -47.9794 22.6495
    -11.512 -62.2615 58.5798
    -11.5005 35.8996 38.3193
    -11.6405 -64.9759 64.2301
    -11.807 -72.3432 60.0063
    -11.4502 21.7772 22.7255
    -11.7144 -72.4447 55.8015
    -11.7392 -10.2428 36.7327
    -11.3535 -48.8429 26.5974
    -10.6402 -77.5126 73.2252
    -11.8207 -73.6285 57.8202
    -11.4625 -49.0331 54.1386
    -11.401 44.5358 15.5829
    -11.7684 -49.7948 20.0285
    -11.2876 -36.4007 26.21
    -11.2346 -74.3175 72.4476
    -11.5508 29.0923 58.557
    -11.8919 8.53719 29.0204
    -11.6713 35.5278 17.9878
    -11.5958 38.8172 10.5556
    -11.5756 -49.9397 46.066
    -11.2966 38.1479 -1.1765
    -11.4304 39.6758 -1.15801
    -11.0332 -76.7627 73.1112
    -11.6052 -49.4475 18.9913
    -11.6913 33.7361 53.3453
    -11.3978 -66.2936 66.4053
    -11.418 36.8594 30.9702
    -11.9524 38.5299 28.5696
    -11.737 43.1726 21.1065
    -11.7175 -50.5789 20.602
    -11.7277 -48.7857 23.5595
    -11.2997 -70.4311 69.4969
    -11.382 36.0578 32.8239
    -11.5846 -48.5352 25.0162
    -11.4032 11.6893 64.7365
    -11.6483 -5.03135 64.2856
    -11.496 -15.3656 62.134
    -11.1663 39.1872 8.08826
    -11.3012 -28.5611 28.8209
    -11.2998 -32.4105 59.3441
    -11.1799 -37.127 60.8519
    -11.7222 -40.1644 22.181
    -11.4042 43.2178 25.7185
    -10.9132 34.0681 20.1024
    -11.0275 -33.3552 26.7956
    -10.9265 -47.4395 59.3278
    -11.5946 18.0029 62.9033
    -11.1546 -61.381 60.2817
    -11.2078 -50.1879 50.7075
    -11.1262 37.8023 6.14427
    -11.3191 -75.0894 56.89
    -11.398 -3.97369 37.7802
    -11.1269 -0.82001 37.2626
    -11.4107 -63.5615 55.8009
    -11.4263 8.38908 64.9362
    -11.0806 13.0741 25.8283
    -10.2594 -70.3186 65.3844
    -11.0546 -42.8956 61.0211
    -11.3772 -52.4048 20.2183
    -11.1982 -39.6778 60.8012
    -11.2135 -74.9576 59.2373
    -10.8512 -50.7587 48.4018
    -10.9966 -45.3024 60.3376
    -11.0644 36.3684 48.4172
    -11.4522 -0.734645 64.8297
    -11.1524 3.9282 33.4964
    -10.9937 -19.7791 32.2278
    -10.9892 -49.2935 36.5575
    -11.7519 35.9592 2.4012
    -11.1018 -48.6215 17.6352
    -11.1099 42.1344 1.17176
    -11.3114 -37.9332 24.0695
    -11.1126 -25.1177 59.7946
    -11.1748 8.9933 28.2297
    -10.7079 -13.8459 33.4257
    -11.0303 -72.1798 62.0456
    -10.7717 -18.7443 62.0822
    -11.5692 -71.0868 54.8766
    -11.2059 -59.9664 56.2064
    -11.1362 -9.70156 35.6894
    -10.4647 36.7753 43.3756
    -11.1992 5.81099 31.4089
    -11.0922 43.385 21.4155
    -10.033 -73.5186 69.8118
    -10.8976 -46.129 18.1214
    -11.0161 -69.4985 53.5156
    -11.5131 -49.1307 31.2199
    -10.9436 -55.8889 15.6737
    -11.1451 -10.5161 63.9534
    -10.6292 -66.4274 67.0648
    -11.0656 36.5517 4.03493
    -10.5693 38.5404 10.1488
    -10.7496 45.2895 10.5156
    -10.6844 -61.4537 61.8686
    -11.0398 -52.1526 22.1326
    -10.9444 -3.77278 36.446
    -11.0958 -58.9147 58.3746
    -11.1649 -49.6232 55.6555
    -10.8944 36.1434 0.749398
    -10.5446 -57.5293 13.2505
    -10.8772 -70.134 63.9015
    -11.0127 -60.2208 54.9062
    -10.9519 1.82721 34.9735
    -11.1674 38.9478 28.8346
    -10.7723 -49.4562 41.2523
    -10.9397 -49.2083 40.1411
    -10.65 -65.4006 53.3958
    -11.138 -38.9025 22.4899
    -10.6729 -49.7502 25.1855
    -10.9039 -75.8783 57.5798
    -10.8853 -74.9683 54.8435
    -10.8343 -36.7115 25.2409
    -10.661 -44.6717 18.4018
    -10.6654 26.3598 22.267
    -10.9803 36.073 2.29753
    -10.9482 -48.9481 57.9743
    -10.9375 -52.6985 55.4927
    -10.8039 -71.2615 62.6069
    -10.3261 45.7179 7.93102
    -10.9213 36.0282 16.3891
    -10.8534 -50.4824 44.1735
    -10.803 43.7453 3.16634
    -10.6763 -50.6941 23.9385
    -10.7489 -71.5132 53.1807
    -10.6779 -54.1777 14.723
    -10.8154 -55.048 18.8088
    -10.9329 -51.1473 53.4092
    -10.5836 -30.3283 60.1414
    -10.5505 -63.6757 64.5761
    -10.7678 36.7132 -0.248233
    -10.7748 -40.4082 20.8379
    -10.4507 17.0803 64.9163
    -10.4782 38.2074 -0.932513
    -10.6341 -58.2568 15.1374
    -10.9617 -54.8159 54.3393
    -10.9106 -68.1338 3.65501
    -10.4178 36.1105 34.2104
    -10.8308 -66.8302 3.0546
    -10.5351 -22.0001 61.4057
    -10.519 -50.9758 46.073
    -10.3983 43.2118 21.7827
    -9.79274 34.9858 54.7704
    -10.5077 -65.29 7.09319
    -10.7284 -56.8614 53.424
    -10.7057 -52.3923 57.0952
    -10.4658 30.8579 21.4102
    -9.82995 -77.4733 72.4783
    -10.6403 -59.3153 60.3134
    -10.7219 -52.0102 51.9245
    -10.6761 -75.8676 73.0227
    -10.6482 -5.08624 65.4713
    -10.6563 -51.4621 50.2227
    -10.473 43.3195 25.2734
    -11.0337 22.0422 62.5455
    -10.0333 28.0299 61.5358
    -9.92373 -77.4243 55.2817
    -10.1795 -62.0804 52.5793
    -10.4948 44.4884 15.9791
    -10.4743 -53.6198 58.4043
    -10.2111 -49.6818 27.2557
    -10.4674 -68.0373 1.96925
    -10.3286 4.72426 31.6349
    -9.48129 -69.1833 63.3828
    -10.1249 25.4004 62.6339
    -10.2085 -67.8627 68.1427
    -10.0238 34.9725 18.9173
    -10.4322 -53.1263 50.9066
    -10.9317 42.807 26.4805
    -10.4505 -60.0924 11.9817
    -10.5047 -65.5219 3.25874
    -10.4183 -69.3455 3.20728
    -10.164 18.0445 23.8364
    -10.1336 -54.5496 13.3539
    -10.244 -50.5802 59.3514
    -10.5998 -13.3308 63.9037
    -10.251 -0.361022 34.8222
    -10.1206 35.7513 0.790978
    -10.1238 36.1422 35.9252
    -10.0009 36.0413 4.21268
    -10.3028 32.8346 57.2009
    -10.2181 -33.8943 25.2138
    -10.3514 -58.7992 52.6599
    -10.3246 40.4908 27.8676
    -10.5554 -68.769 4.74506
    -10.2956 -29.7653 26.6293
    -10.5528 -60.2886 12.9332
    -10.4887 -49.8549 31.2623
    -10.2642 -66.4366 7.72389
    -10.2454 -57.2388 17.6781
    -10.5393 38.2311 29.622
    -10.6604 -73.2892 62.1601
    -10.148 21.5025 22.861
    -10.3176 40.1083 -0.44137
    -10.4133 8.62129 28.3593
    -10.0109 45.6218 6.81809
    -10.4117 -38.3932 22.3025
    -10.3498 36.4831 50.4988
    -9.67235 37.2791 48.9922
    -9.90905 -38.3713 62.4791
    -10.3959 -6.11117 34.9322
    -9.82557 33.6972 20.3886
    -10.1303 -26.29 27.7279
    -9.94874 -51.1079 14.4642
    -10.3182 -61.1613 13.8195
    -10.3335 -66.5092 2.00828
    -10.1625 -64.4006 5.88169
    -9.74599 -33.6682 61.6356
    -10.1392 -22.488 29.548
    -9.85289 38.8305 8.1074
    -10.1062 -1.72064 34.7561
    -10.2894 -45.2386 61.8424
    -10.4068 -9.82369 34.3741
    -10.44 0.35849 66.0315
    -10.044 37.0474 31.2106
    -9.96784 -69.5018 69.089
    -9.79243 36.674 5.27974
    -10.2753 -74.956 62.2095
    -10.0089 -59.3953 61.715
    -9.88759 -71.8354 63.5124
    -10.3456 8.72303 66.1282
    -10.1804 -42.3657 62.539
    -9.81529 -19.7876 30.8018
    -9.67932 -77.1849 59.8536
    -10.125 -63.7781 9.18395
    -10.052 -63.3514 7.89651
    -9.82904 36.4861 32.5267
    -9.7934 14.9862 25.094
    -9.29114 -69.3196 62.7831
    -9.26994 -71.9689 67.7096
    -9.87282 -52.079 46.8223
    -9.94567 -58.2168 11.3464
    -10.2396 -53.3094 22.3378
    -9.61733 -61.5764 63.7126
    -10.0955 1.95949 33.4277
    -10.2735 12.6915 65.9591
    -9.5323 36.3296 -0.40143
    -9.77792 36.695 40.0702
    -9.91487 -68.2466 51.6482
    -9.7726 -60.4319 9.4623
    -9.92085 -70.5502 62.7511
    -9.66509 -48.1907 61.5051
    -9.64929 45.0452 10.8232
    -9.83689 -26.1043 61.4543
    -9.85241 -53.6837 59.9655
    -9.65721 10.0926 27.5987
    -9.99094 -54.1988 50.0999
    -8.73403 -70.3241 65.325
    -9.62703 -44.7004 63.0365
    -9.89606 35.6395 2.52071
    -10.0019 42.6206 26.046
    -9.47284 -51.0683 41.2891
    -9.9322 -50.0746 36.0012
    -9.96966 -35.9342 24.4477
    -9.58734 -49.975 38.938
    -9.28868 -76.8063 52.8718
    -9.90371 -68.1349 1.57285
    -9.71573 -73.5372 52.0511
    -9.93948 -63.0015 12.2184
    -10.1739 -69.2917 2.32091
    -9.83493 -10.7145 65.3046
    -9.89357 -44.7074 17.6388
    -10.0225 -64.6799 3.21266
    -9.5738 38.6524 9.3767
    -9.7006 -52.1129 60.1336
    -9.95842 -40.3549 20.3346
    -9.80538 -64.6315 10.1373
    -9.26668 -64.2444 66.3809
    -9.71211 -48.4701 15.3816
    -9.69963 42.5636 22.1778
    -9.31447 -62.5878 50.8631
    -9.63985 -50.6866 25.1383
    -9.66147 37.808 12.219
    -9.67727 4.73135 31.1892
    -9.49902 44.0464 3.82487
    -9.7414 -58.4337 17.3548
    -9.66026 37.915 29.6383
    -9.29137 42.4113 1.59226
    -9.31676 23.5322 64.4614
    -9.41049 -51.8157 44.4049
    -9.55911 42.4393 25.2206
    -9.52831 38.2965 7.04633
    -9.23264 32.4223 59.5944
    -9.28325 -38.1589 63.093
    -9.3283 -68.9122 1.8621
    -9.94844 36.0017 16.465
    -8.91372 -70.5081 50.2568
    -9.35909 -14.9206 64.8188
    -9.47368 43.8959 16.0576
    -9.30346 -37.2839 23.0141
    -9.36696 -54.7778 61.0318
    -9.45383 -10.7605 32.939
    -9.62113 -69.9132 3.12559
    -8.97884 39.6403 -0.997236
    -9.00059 26.7616 22.8886
    -9.35562 -6.81817 66.4364
    -9.50056 -54.1335 22.2341
    -9.74362 -61.6153 14.6694
    -9.03766 -22.5563 63.047
    -9.38043 -65.9225 1.67812
    -9.46686 -49.943 37.1257
    -8.54615 40.6514 0.249053
    -9.47112 -53.2908 47.6986
    -9.12152 2.10301 32.3963
    -9.14187 -30.8997 61.8779
    -9.44859 -68.2503 6.8706
    -9.74721 -7.2523 33.8679
    -9.09387 34.915 19.7864
    -9.504 -63.1377 6.30312
    -8.5625 -79.366 58.6649
    -9.43668 -35.1613 24.2115
    -9.07448 41.6126 22.3125
    -9.30102 -57.7705 50.0534
    -8.89905 -50.1563 28.4808
    -8.74847 -71.3283 69.8317
    -8.80927 6.03807 30.0971
    -9.39037 -76.3561 72.2678
    -9.14422 38.6707 28.1394
    -8.72876 -50.6263 25.7864
    -9.05632 -65.636 10.4888
    -9.15919 31.7586 21.661
    -9.36548 -43.0148 18.3475
    -9.50215 -63.2687 13.037
    -8.68596 37.7746 48.3831
    -9.44168 37.7704 -1.22452
    -9.37119 -2.79295 66.8359
    -9.267 -28.1777 26.028
    -8.58181 -78.1675 52.8766
    -8.79752 36.193 53.9607
    -8.75606 -1.49474 33.0683
    -8.92517 -50.3604 61.6868
    -9.24632 -39.7628 20.6254
    -8.85371 35.9249 2.73713
    -8.67237 -66.2229 67.925
    -8.92157 -71.0355 3.86387
    -9.0674 -70.6954 2.43308
    -8.7757 -43.1565 64.0756
    -9.09303 -48.1263 15.1858
    -9.20271 -50.4315 34.3301
    -8.62262 -62.4388 5.8866
    -8.38674 -66.5882 1.76189
    -9.12881 36.3422 4.29055
    -8.87432 -55.3524 48.4159
    -8.80267 36.2407 33.4564
    -9.00815 37.1146 14.9062
    -9.21959 -54.6885 11.9322
    -8.73087 34.3632 57.9623
    -9.19158 -72.7139 64.0324
    -8.91711 -69.8959 64.2313
    -8.87954 -71.3494 66.5784
    -8.96301 -69.5018 1.42251
    -9.22404 4.00104 67.1143
    -9.25557 -74.6913 63.943
    -8.89638 43.1397 2.2621
    -8.82224 -59.0366 17.8301
    -8.3638 -68.2126 68.6821
    -9.25099 10.9368 67.016
    -8.67517 36.0478 0.896466
    -8.69806 38.301 11.8015
    -9.22832 15.7423 66.5288
    -8.61286 36.6338 -0.236424
    -9.12668 -62.5626 14.5256
    -8.74907 22.9437 23.3938
    -8.61503 -50.5854 33.5307
    -8.02243 -11.5066 66.6758
    -8.57193 45.3195 7.69679
    -8.78349 20.0565 23.9169
    -8.67723 -61.731 49.7622
    -8.77628 -0.0771228 33.0229
    -8.5849 -50.1846 27.3581
    -8.743 -69.9945 6.13862
    -8.99738 21.0442 65.5755
    -8.76819 29.4463 22.5842
    -8.84901 -61.0376 7.11205
    -8.83194 44.6934 10.4482
    -8.62633 -59.2072 63.3793
    -8.41802 -65.9498 2.02889
    -8.57815 -25.1026 26.7693
    -8.58481 -54.121 11.6432
    -8.4755 -65.0471 49.6022
    -8.66364 -46.2027 16.3067
    -8.41634 16.8922 25.0666
    -8.59017 36.4981 31.2457
    -8.20969 38.9582 7.6059
    -8.65396 -69.88 63.2393
    -8.63189 -46.9335 63.3668
    -8.51911 -18.5685 29.8515
    -8.85603 -54.8494 21.9653
    -8.76565 -52.1201 43.6123
    -8.3639 36.3047 35.6863
    -8.43274 37.5196 5.25423
    -8.91762 -57.2651 10.4642
    -8.75697 42.0317 19.6262
    -8.74577 -41.8604 19.0358
    -7.6399 10.8419 27.9949
    -8.47477 27.5405 63.8314
    -8.8672 -59.276 8.90451
    -8.37821 43.8939 11.6219
    -8.47954 35.0753 20.2135
    -8.04194 -52.7496 62.359
    -7.69631 -72.6579 69.9399
    -8.71086 -28.8458 25.3664
    -8.81509 -7.73733 32.8055
    -8.20134 39.0562 8.8585
    -7.92886 -68.0788 0.711352
    -7.95765 37.1105 52.9144
    -7.57379 -64.1155 67.4016
    -8.58091 37.8522 -0.987102
    -8.30123 -70.7912 63.3219
    -8.307 -21.0878 28.6964
    -8.21459 -50.0604 36.7693
    -7.83957 8.37781 28.95
    -8.41906 -73.1374 64.7062
    -7.27055 -74.6922 69.1226
    -9.07042 30.9953 61.0299
    -8.1465 37.7911 45.2885
    -8.60135 -76.049 64.0205
    -8.35501 -57.4188 48.3694
    -8.62052 -10.7034 32.1822
    -8.54815 44.6591 5.0134
    -8.53035 -74.2366 50.7148
    -8.39789 36.8445 29.3973
    -8.36621 -49.8263 35.7626
    -8.13481 -58.5512 8.90407
    -8.0372 -54.8446 62.601
    -8.57395 40.4831 24.1016
    -8.49022 -53.2352 45.2696
    -8.1779 42.3539 1.74703
    -8.21832 37.2203 27.6392
    -8.54998 -37.0065 22.7567
    -8.19117 -70.1651 6.48498
    -8.26645 32.9978 21.8805
    -8.13682 -40.9819 19.8124
    -8.08299 -52.646 23.924
    -7.91177 -67.0229 9.80558
    -8.18246 3.94684 31.0391
    -8.21608 -62.9917 14.73
    -8.32989 37.4644 15.9447
    -7.19548 -73.9369 68.5781
    -8.00234 -45.5689 64.3915
    -8.06589 -53.7843 11.62
    -7.76396 -61.3384 65.4673
    -8.08483 38.5905 -0.108474
    -6.49428 -76.7808 68.3525
    -8.27019 -50.5024 31.9323
    -8.17511 -45.1166 17.0521
    -7.96317 -54.5031 46.0021
    -7.55489 -71.4761 2.7573
    -7.6296 -71.8997 49.0859
    -7.85838 36.2083 56.0134
    -8.33092 -34.4454 23.8027
    -6.84016 -76.5783 69.6613
    -8.46842 -79.2723 54.7818
    -8.57298 -68.3221 8.02258
    -8.10246 -2.86825 67.6963
    -7.42225 37.4476 41.7029
    -8.21455 -51.0954 39.2012
    -7.59853 -74.2516 70.3899
    -7.77116 -56.518 10.2459
    -7.9157 -55.1436 21.9056
    -7.68183 -34.8813 63.3717
    -7.49032 -64.0811 3.33606
    -7.9247 -70.7807 64.374
    -7.71781 -71.1907 4.97751
    -7.24699 -73.169 66.9135
    -7.60511 -1.24477 32.0568
    -8.01954 41.5757 16.0285
    -7.70545 -50.316 26.6584
    -7.91752 -38.7039 22.1162
    -7.65335 -66.7629 48.6936
    -7.93205 -49.9628 33.5929
    -7.84215 38.569 16.0995
    -7.87469 -70.7938 1.57113
    -8.1137 39.7619 21.9019
    -7.8864 37.0599 0.960552
    -7.68227 -69.6331 0.90266
    -7.81006 -60.17 6.98626
    -7.79087 -51.9913 41.312
    -7.95851 39.0952 10.995
    -8.09983 18.998 66.8316
    -7.61837 -33.0128 63.202
    -7.95711 -59.0421 18.2107
    -8.03425 23.8532 65.6368
    -7.5318 -49.8526 63.3214
    -8.06301 13.8492 67.6339
    -7.8431 35.9486 33.0318
    -7.31086 43.101 2.82529
    -7.97619 -29.7476 24.7767
    -7.55531 -62.4002 48.4414
    -7.51508 -80.3057 57.6128
    -7.35333 -72.8129 66.184
    -7.62339 39.5429 12.2532
    -7.61448 -55.9487 46.7905
    -7.4907 42.3828 11.4955
    -7.58924 27.6888 24.3008
    -7.94208 22.7721 24.2441
    -7.91666 36.9595 19.1605
    -7.59896 -71.0049 65.4926
    -7.91417 7.26831 68.0003
    -7.47995 -30.9811 63.3205
    -8.73469 -77.5823 61.7638
    -7.65157 35.7153 31.4532
    -7.75591 38.4334 21.2271
    -7.41713 -7.88863 31.6532
    -7.64369 37.8903 22.9237
    -7.14342 -80.2374 60.3641
    -6.85626 0.127814 31.4963
    -7.42403 -42.1384 64.8922
    -7.4111 37.5094 4.81624
    -7.83435 -36.866 22.607
    -7.25662 -67.0972 1.31424
    -7.32844 30.7678 63.2374
    -7.41496 -18.9897 28.8652
    -7.43829 36.125 25.7671
    -7.72211 40.1267 16.2006
    -6.72842 -7.16411 68.1557
    -6.52215 -80.5092 55.2493
    -5.94319 35.9589 60.3268
    -7.24005 -3.88261 31.622
    -7.00524 -69.7897 69.1289
    -7.5077 1.47532 31.6738
    -7.72873 38.0182 19.7999
    -7.17102 -80.1095 57.3541
    -6.73459 -77.943 50.2179
    -8.03161 -77.4014 63.1567
    -7.86061 34.9381 21.5217
    -7.6349 36.1557 21.7381
    -7.28339 -74.4361 66.2598
    -8.13628 -24.7859 63.4074
    -6.65288 -79.4012 51.137
    -7.72616 -15.9046 65.9271
    -7.41484 37.8323 50.9575
    -7.23537 37.1045 2.82383
    -7.60806 -11.1216 31.3364
    -7.01655 -60.2035 6.7952
    -7.69281 31.2247 23.4441
    -7.49479 -50.4205 31.4139
    -7.40258 32.6589 61.7559
    -6.83507 39.4024 -0.126739
    -7.258 -58.0592 9.17329
    -6.96196 -53.0009 42.467
    -7.14298 -59.9951 47.5589
    -7.31334 -53.1257 12.0104
    -7.43117 -45.1709 17.3526
    -7.40753 38.1432 -0.0322278
    -7.20959 18.1143 25.6684
    -7.3241 39.7044 7.94858
    -6.48414 -49.4118 64.2084
    -7.012 -48.9718 33.741
    -7.1719 -22.0479 27.6615
    -7.25125 -42.2933 19.4996
    -6.44354 -81.2976 58.7422
    -6.77087 37.0567 39.1651
    -7.10979 -64.7564 2.91032
    -7.5447 44.6372 7.56293
    -7.25043 40.8297 11.2698
    -7.44198 -35.294 23.5288
    -7.10945 -60.1997 6.49664
    -7.87803 -38.3975 64.2146
    -7.37086 -58.0749 64.1802
    -7.08075 -70.0648 6.83261
    -7.31062 35.1379 29.0289
    -6.13149 -64.6767 68.3141
    -6.44466 -75.9261 66.3943
    -6.65875 38.2929 48.6632
    -7.22083 31.8129 24.5942
    -6.56212 36.4299 58.4505
    -6.87975 37.6422 4.57113
    -6.71108 18.8871 25.9829
    -6.8038 -44.9493 65.1596
    -7.32088 -50.2767 29.9938
    -7.10888 43.5793 4.74697
    -6.63645 -3.61672 68.4947
    -6.61752 -51.1714 38.188
    -6.59197 -57.4456 46.4649
    -6.62464 12.1094 28.0344
    -7.21856 -39.2293 22.3594
    -6.49668 -50.0098 28.7971
    -6.77718 43.3212 7.65282
    -7.2857 -61.8607 5.7648
    -7.0604 34.4433 27.1865
    -7.11149 -32.1975 24.1265
    -7.18533 37.3068 0.600113
    -6.96417 -71.2916 3.09139
    -6.63895 -50.7798 25.4098
    -6.71668 -60.9753 16.6706
    -6.75438 -68.773 48.0141
    -6.93967 33.4199 25.9212
    -7.00709 35.9874 34.9523
    -6.93751 40.178 7.754
    -6.34442 -52.0474 64.0148
    -6.90865 -49.2797 34.7358
    -6.70892 -80.0627 55.9176
    -6.5757 -48.6645 31.915
    -4.42481 -81.6114 53.5105
    -6.28365 -75.1388 69.3901
    -6.06187 -75.5514 48.5197
    -6.75706 37.8307 0.358755
    -6.6545 -74.6792 67.349
    -6.925 7.00157 29.5816
    -6.75258 -62.8875 14.9598
    -6.36374 -78.3744 63.6075
    -6.95802 -70.8771 1.99865
    -6.66151 34.7064 32.0032
    -6.60646 -54.3677 11.67
    -6.96136 -71.1186 4.58911
    -6.69907 -68.1138 1.12076
    -6.66157 23.5648 25.8961
    -7.36542 41.2646 0.57595
    -6.50138 -54.3158 43.7301
    -5.53881 5.13365 29.9961
    -7.0024 24.0827 66.278
    -6.45845 20.4693 67.5007
    -6.80618 29.3149 26.037
    -6.63699 3.26973 30.7821
    -6.61605 42.5674 2.91613
    -6.57438 35.5865 34.607
    -7.22438 -65.0769 12.5639
    -8.91718 -63.7577 3.52092
    -6.05387 -55.7502 64.4187
    -6.67156 -42.3522 20.409
    -6.64878 -26.2207 25.8236
    -6.57108 -50.508 14.2922
    -6.92697 16.517 67.9643
    -6.30805 25.071 26.6072
    -6.23768 -80.5132 53.1514
    -6.93765 28.7805 64.5667
    -6.59903 37.4623 54.9366
    -6.92395 -37.9336 22.612
    -5.9769 -77.5304 49.1208
    -6.55862 -78.7639 56.8269
    -6.51596 -78.8693 57.7208
    -7.05834 44.065 6.60844
    -6.33867 -73.1355 69.4689
    -6.30145 -67.1953 10.2707
    -6.33438 -25.7867 64.6493
    -6.10974 -63.1296 47.1762
    -6.15613 40.7602 0.889374
    -6.51214 41.6427 7.7001
    -6.33997 -66.7832 68.8482
    -6.09055 -49.9822 26.6677
    -6.27967 31.9097 29.126
    -6.01958 -70.5441 6.84348
    -6.20591 -80.7796 57.7981
    -6.72282 11.5627 68.5123
    -6.27499 -42.6444 65.3524
    -6.04099 -80.982 60.6156
    -6.08643 -10.4945 30.5289
    -6.50863 -36.7014 23.5101
    -5.60397 -48.7304 64.8758
    -6.42825 -56.5581 10.6992
    -6.22939 -76.0096 67.6019
    -6.08414 -71.6475 3.28873
    -6.37649 -20.8724 27.71
    -6.86018 -58.8924 18.3027
    -6.63686 -49.5297 30.5457
    -6.25935 37.9525 2.59468
    -6.37572 -18.6747 66.2002
    -5.27871 -65.1738 2.76433
    -5.8419 -55.895 44.6517
    -6.26958 -39.0168 65.0351
    -6.38999 33.1613 30.1504
    -5.94101 15.2608 27.641
    -6.29137 30.1872 27.8606
    -5.72257 -61.9254 5.89504
    -6.26073 -58.0375 9.65939
    -6.53871 -50.0759 29.8743
    -5.80958 -80.568 50.946
    -6.3823 38.2069 4.00648
    -6.43068 4.31776 68.7636
    -6.1538 -58.6505 46.5195
    -6.05812 41.0866 1.62478
    -5.91097 -61.4446 46.8707
    -5.51115 -32.1182 24.4639
    -5.79566 -14.1957 29.4587
    -6.4301 -13.636 67.276
    -6.45106 42.7333 5.68007
    -5.70902 -71.1817 1.78986
    -5.98996 -79.1783 55.7708
    -5.64491 -76.5419 66.7014
    -6.05541 -64.1074 13.3804
    -6.25214 -40.6532 22.7163
    -6.03347 -28.6419 25.1133
    -6.85134 -69.5309 1.07294
    -5.27778 -79.3913 58.418
    -6.29297 9.04574 28.9515
    -5.13944 -77.0725 65.9181
    -5.78117 -53.7762 64.4523
    -6.09071 -79.1169 58.0582
    -5.61091 -35.006 64.4247
    -5.83874 -60.7171 66.4451
    -5.30992 -53.2123 41.1095
    -5.90385 38.1445 52.9557
    -5.62463 1.8475 30.709
    -4.98671 -76.7408 67.2248
    -5.49375 36.6223 38.8803
    -6.12742 40.8546 4.68713
    -5.78484 37.3785 41.9215
    -5.25379 -79.9905 48.3342
    -5.87397 -48.414 17.0088
    -5.98451 34.3188 33.3643
    -5.59137 -22.5058 26.9645
    -5.90089 -32.5776 64.1102
    -6.25395 -53.2681 22.9955
    -6.37952 -66.6333 1.72854
    -5.69037 20.2137 26.9418
    -5.57802 -39.8608 23.1435
    -5.62929 -71.1757 5.66195
    -6.05756 38.7818 1.05512
    -5.59697 -47.1971 32.0554
    -5.23872 -67.9858 9.3656
    -5.48122 -60.0423 7.5497
    -4.83496 -71.1912 69.2463
    -5.37945 -68.1841 0.639278
    -5.65823 27.3688 28.5374
    -5.15637 38.2882 47.7743
    -5.04326 -66.8439 46.7069
    -4.8106 -73.612 47.3583
    -4.66376 -81.9642 48.555
    -4.92007 -48.4776 19.1626
    -5.43338 -18.8424 27.9206
    -5.94487 -7.59573 30.8658
    -5.14054 -55.6398 12.5244
    -5.82702 24.4254 66.7572
    -5.49121 37.7042 58.9771
    -5.71134 -57.2822 64.9943
    -5.39017 -46.5691 31.0065
    -5.68644 37.9215 57.4328
    -5.54951 -48.2614 33.5122
    -4.02471 -82.0885 57.6784
    -5.3184 29.542 65.1249
    -5.30649 -52.1755 14.8999
    -5.75059 -58.6629 17.9406
    -5.80474 -48.6459 28.9959
    -5.11664 -26.9329 65.2386
    -5.79371 -49.5727 28.5427
    -5.57438 -0.982785 30.8469
    -5.46066 32.0002 31.8176
    -5.76748 -49.6997 27.7465
    -5.18183 29.728 30.8336
    -5.6991 17.058 68.4348
    -5.61067 -79.3624 55.5073
    -4.91641 -76.2734 67.8652
    -5.7603 12.4682 28.315
    -5.24483 -25.0181 26.58
    -5.81697 -70.328 1.04141
    -4.86121 -81.5737 52.5421
    -5.14887 -46.2852 29.3671
    -5.43291 -70.2448 47.3851
    -5.15105 -61.228 15.7565
    -5.1913 -57.8494 11.1475
    -4.10015 -82.3275 59.6453
    -4.83457 -56.8274 44.6547
    -5.6401 38.2717 55.3773
    -5.05691 -69.5902 0.76469
    -5.06242 32.4545 63.7904
    -4.6537 -44.616 23.6425
    -5.0481 -42.8841 23.6906
    -5.32278 -63.6241 13.4375
    -5.21534 -70.7183 6.38008
    -5.2676 -73.7748 68.9842
    -5.02211 21.6073 27.8323
    -5.09079 -44.0625 65.6327
    -4.7667 -77.9755 48.4749
    -5.23975 -63.4149 4.58229
    -6.27351 -50.0269 35.892
    -4.99537 -50.5798 24.1835
    -5.4799 11.9449 69.0172
    -3.7563 5.70691 30.003
    -5.33335 -49.9883 25.4309
    -5.07795 38.474 52.2402
    -4.44265 -80.2298 62.6773
    -5.2686 37.6147 60.0427
    -5.30676 34.1457 34.3239
    -4.64127 35.6964 37.3711
    -5.22505 -79.4946 55.3395
    -5.34133 -52.5966 22.8752
    -4.66596 -68.8509 69.3902
    -4.12307 -53.1691 40.1934
    -4.34235 -50.4163 35.6121
    -5.10646 -29.2054 25.2888
    -4.56493 -62.6033 5.6496
    -5.25559 39.2971 57.7567
    -4.97569 35.9181 61.5743
    -4.7619 -24.932 26.4911
    -4.77234 -71.1326 4.45997
    -4.92057 -54.3083 42.2738
    -3.90558 22.5154 29.6064
    -5.16918 -16.4809 67.3665
    -5.01363 39.4342 56.4803
    -4.64316 -79.5385 58.3307
    -4.83271 -37.7044 24.2313
    -5.16771 -48.1134 27.6131
    -5.1238 -49.2739 27.0338
    -5.05762 -57.8017 17.9626
    -4.43374 -82.8787 49.247
    -5.0764 41.0411 59.6966
    -5.13547 -11.9278 68.2251
    -4.78213 -45.7282 27.8629
    -5.08088 4.59739 69.3254
    -4.82225 -49.3661 65.0977
    -3.91279 -7.24157 69.3272
    -4.71884 -61.8005 6.74055
    -4.26397 -31.8151 64.8883
    -5.03798 -2.71343 69.2299
    -3.25595 -57.0079 66.2363
    -4.59826 32.1635 33.5156
    -4.08344 -66.7548 10.1207
    -4.56975 -68.0948 1.57563
    -4.33964 -79.1251 47.671
    -4.7603 -22.5205 26.8227
    -4.24674 17.1236 29.1858
    -4.17589 -40.401 65.6802
    -4.78048 -46.1084 31.6139
    -5.12433 14.6697 28.4265
    -3.58015 -59.1728 45.0625
    -2.38375 38.1337 48.958
    -4.44044 -81.4589 61.0295
    -4.30206 -81.5599 47.8583
    -4.82367 -79.562 55.2438
    -4.66565 44.6653 58.5148
    -4.14395 -60.0779 9.32588
    -4.52015 -64.3163 3.59968
    -4.45365 -81.1214 54.8212
    -4.49739 -7.54319 30.3811
    -4.56713 37.6689 61.3114
    -4.57689 -10.6257 29.9662
    -3.47013 -82.6435 58.593
    -4.6444 -44.7926 30.0457
    -4.7191 39.0423 54.5887
    -4.29195 -2.46506 30.4528
    -4.71219 -81.3595 57.5997
    -3.80396 -62.2592 45.8549
    -4.47024 -13.8462 29.1755
    -4.74205 -70.655 1.6969
    -4.37998 -69.3259 7.02992
    -4.7215 -52.2353 22.2798
    -3.86971 26.0624 31.0155
    -3.64002 -60.6321 67.3262
    -3.69982 -76.5802 46.8395
    -4.65636 41.0066 60.7123
    -4.01324 -83.3364 50.1589
    -4.37202 46.2185 57.4614
    -3.64723 -23.2204 66.8144
    -4.05264 34.1371 35.6688
    -4.51057 -19.1858 27.655
    -4.18088 26.9126 66.5062
    -4.58557 -48.9451 25.8307
    -4.63418 -39.7491 23.4622
    -4.38702 -44.8759 26.6425
    -4.05638 22.576 67.851
    -4.74372 -71.2021 3.05292
    -4.27493 38.6134 51.7948
    -4.5325 -47.3054 26.1991
    -3.74983 -78.1128 47.2361
    -3.94866 -79.6643 57.9701
    -3.90466 -80.6489 47.4334
    -3.85466 -54.5489 65.6309
    -4.8872 -66.7367 1.81128
    -4.55858 43.3209 60.144
    -4.48344 -57.1874 17.5957
    -4.37578 -52.2334 16.8239
    -4.43235 36.2029 37.907
    -3.47336 -58.4144 66.5276
    -4.02643 -79.6853 55.2822
    -4.3706 3.03576 30.2964
    -3.99002 17.5256 68.888
    -4.47455 40.6284 55.715
    -4.42748 -43.4229 23.9083
    -4.53977 -31.9557 25.0395
    -3.20828 -60.9305 45.3652
    -3.90992 -27.861 26.4204
    -3.42091 -75.1457 68.0134
    -3.87569 -77.6422 49.4997
    -3.91047 29.5069 32.6196
    -4.33748 -60.7007 15.1847
    -3.57098 -77.0952 66.4357
    -3.74549 -47.0618 65.5298
    -4.30966 45.5953 60.292
    -3.91465 -42.4632 29.0117
    -3.38043 -67.2153 69.3657
    -3.32527 19.4824 30.1362
    -3.20013 -79.921 47.8575
    -4.24802 -49.3727 24.0836
    -4.13627 -58.7049 12.2052
    -3.67392 -78.386 48.8573
    -4.25724 -62.8984 13.0532
    -4.06608 -46.8074 23.2675
    -4.14956 -69.8722 2.18709
    -3.66381 -72.8103 68.9905
    -4.15504 -55.5106 17.8703
    -4.0981 51.507 60.4557
    -2.87589 -70.3644 46.2306
    -4.26269 -49.0184 20.9602
    -3.79116 -50.1381 65.5146
    -4.03131 -70.0789 3.59546
    -3.89912 -64.6382 68.79
    -3.78687 12.1917 69.507
    -4.06415 -77.9148 50.0807
    -4.12254 -43.933 30.3905
    -4.1612 -78.5601 49.8601
    -4.23032 -48.3415 24.9499
    -3.33929 -62.0035 8.26072
    -3.31452 -35.5507 65.1886
    -3.2909 -49.7016 34.4722
    -3.13816 -64.1223 4.40653
    -3.96567 -41.8609 24.156
    -3.31454 34.9426 63.1909
    -3.96615 46.4933 56.5687
    -3.80223 -76.6687 66.9219
    -3.91754 -38.7641 24.397
    -3.88288 52.0351 62.1898
    -4.03701 -78.4713 48.9874
    -3.98275 -48.4584 23.1211
    -3.27714 -69.4913 6.15091
    -4.04921 -51.4523 20.7543
    -4.04746 -53.4361 17.3326
    -4.0433 39.1108 53.4646
    -3.98041 -48.638 23.7963
    -3.92465 50.4894 58.8636
    -3.97396 -55.2678 16.8806
    -3.92378 59.6406 64.3383
    -3.67359 -59.2355 13.4665
    -3.27259 38.5988 51.2791
    -3.84174 -60.6182 14.1387
    -3.84159 -42.4432 25.0319
    -3.78894 42.2062 61.5215
    -3.74191 -44.1423 23.8176
    -3.91383 39.895 54.3499
    -3.67594 -36.0058 25.332
    -3.99073 -13.2761 68.4642
    -3.27568 -68.8295 7.25493
    -3.49153 -69.4438 1.82207
    -3.44763 4.8883 69.8148
    -3.11087 -78.4567 49.4065
    -3.32015 -48.3003 33.0862
    -3.72019 -27.6295 65.7005
    -3.4601 -40.1182 27.8308
    -3.85009 65.0454 68.2776
    -3.31074 -80.9086 55.495
    -3.33974 -83.3229 48.2469
    -3.01498 -3.96913 69.805
    -3.68013 -81.3013 56.8784
    -3.68377 -59.5768 14.0702
    -3.80037 41.7987 55.1317
    -3.66039 -40.6781 26.219
    -3.39309 -0.329469 69.8152
    -3.7522 69.6754 72.7474
    -3.65847 34.3002 35.3216
    -2.44751 -80.898 62.5216
    -3.75646 58.9607 65.4722
    -3.72546 53.9625 59.9842
    -3.18975 -69.8274 2.58032
    -2.9488 -80.384 47.4373
    -3.15417 36.7089 62.6794
    -3.26846 -69.9437 4.23151
    -3.28827 -29.9297 26.511
    -3.6834 31.9334 34.1598
    -3.54452 -60.5479 10.1834
    -3.65608 63.3626 68.4191
    -3.18432 -67.9917 1.44146
    -3.57341 45.2118 55.657
    -3.63084 73.57 77.9271
    -3.62136 60.0517 63.1548
    -3.58012 45.4691 61.5851
    -2.45856 11.0101 30.049
    -3.54116 -79.74 57.4619
    -3.23766 -64.2878 45.6085
    -3.5926 68.621 73.3181
    -3.57809 65.6097 67.281
    -3.22548 -39.974 28.7264
    -2.82016 7.89692 30.0236
    -3.55305 -66.0855 2.00097
    -3.40023 -77.3806 51.0008
    -3.45303 81.1407 84.5413
    -3.29085 -66.2913 9.60317
    -3.47404 24.6878 30.7215
    -3.10335 -84.0904 49.8469
    -3.03762 -54.6434 41.5472
    -2.12767 -74.4762 46.0904
    -3.48129 70.2267 71.7239
    -3.4916 72.9801 79.0013
    -2.49345 2.74396 30.3231
    -3.21513 -36.4341 26.1736
    -3.25164 -63.1618 11.3731
    -3.08998 -61.5785 10.2714
    -3.01432 -36.4278 27.0408
    -3.19811 51.0626 57.8215
    -3.31782 -79.8372 56.913
    -2.18716 -56.6927 43.0255
    -3.3208 -81.0891 55.8762
    -3.35663 29.6296 32.5092
    -2.96065 -58.0141 44.2761
    -2.61729 -82.3664 56.4464
    -3.31304 74.2208 77.0635
    -2.93804 -76.7123 50.305
    -2.99589 -82.6483 53.523
    -3.38126 77.5776 83.2881
    -3.37437 32.2225 33.8045
    -3.34102 88.319 88.3617
    -2.67036 -64.0133 6.44873
    -2.9643 48.0177 56.0262
    -3.03176 -75.1819 49.5107
    -2.70016 -41.7542 65.9376
    -3.29226 94.7114 90.2981
    -2.59622 -25.7867 26.4415
    -2.21404 -81.5746 48.0094
    -3.1655 -61.7145 11.3705
    -3.24621 52.1475 63.5699
    -2.94521 -81.5716 55.1159
    -3.27046 82.6382 86.7698
    -2.83043 -75.0149 49.1554
    -3.2251 78.8455 81.5309
    -2.06167 -80.2238 45.9771
    -3.37038 -80.08 55.7968
    -3.19993 88.1049 89.4433
    -2.78427 -79.4139 49.581
    -2.66701 -82.7622 47.3745
    -2.8099 39.1041 52.422
    -2.31321 -51.0295 36.0245
    -1.7222 37.4165 45.7885
    -2.84057 -32.568 26.7545
    -3.14242 58.0753 66.3136
    -3.15973 93.6505 91.1723
    -2.74402 39.7884 53.2143
    -3.11723 83.6728 84.9304
    -3.05164 102.888 92.0284
    -3.17514 41.6217 54.4971
    -3.06912 99.4564 92.0007
    -1.65088 -53.7308 40.0866
    -2.72273 41.7751 62.4913
    -2.85219 -68.0803 7.38686
    -2.73863 -76.3653 46.2177
    -3.05407 88.7259 87.4877
    -2.53392 -63.9403 9.31682
    -3.03773 62.9506 69.5573
    -3.01669 93.9739 89.2018
    -2.98586 55.1927 59.4227
    -2.31735 13.7195 30.2388
    -2.96993 67.7349 74.042
    -2.20744 -82.0193 47.0719
    -2.92746 100.404 90.2449
    -2.52693 -63.3154 7.68309
    -2.85666 24.7762 31.4991
    -2.51371 -67.123 2.02425
    -2.90658 71.7291 79.3867
    -2.80298 103.924 93.2804
    -2.92837 60.5226 62.3156
    -2.0234 -80.243 48.0638
    -2.52232 -64.3348 6.85032
    -2.71369 45.8935 55.1469
    -2.24331 -54.6296 66.3499
    -2.88018 66.1554 66.5619
    -2.16421 36.7171 42.1096
    -2.22962 -65.9429 3.09326
    -2.7894 70.9914 71.1988
    -2.81311 76.894 84.1526
    -2.67533 -48.1167 65.6951
    -2.5301 30.2255 33.3166
    -2.48219 -68.9214 5.56754
    -2.55085 104.983 92.9714
    -2.49336 -12.5196 68.9599
    -2.52224 -19.7857 67.7937
    -2.70832 82.1309 87.6925
    -2.65165 -35.5803 27.3164
    -2.81014 -46.7725 31.8133
    -2.47892 -68.7221 2.43343
    -2.60154 104.478 91.7678
    -2.43858 -69.1618 4.0698
    -2.79491 -22.4635 26.86
    -2.64504 75.0959 76.8498
    -2.20142 34.7606 37.2667
    -2.37447 -67.1017 6.73308
    -2.65753 87.6915 90.3857
    -2.62186 93.4826 92.1817
    -1.34023 -13.8017 28.8089
    -2.56719 99.2454 92.8923
    -2.28562 -77.9901 49.0843
    -2.55925 45.2484 62.5863
    -2.54789 79.6709 81.1424
    -1.96232 -84.3589 50.3745
    -2.53427 -65.0578 7.94738
    -2.47428 -77.8966 51.1796
    -1.4705 -10.8752 29.459
    -2.46163 83.7573 84.063
    -0.798261 -7.72112 29.8503
    -2.13867 -75.7955 50.0245
    -2.39252 103.263 93.9818
    -1.74399 19.6527 31.5309
    -2.0862 -79.9399 50.1393
    -2.2341 33.5158 35.6267
    -2.42613 89.1803 86.8974
    -1.4537 -60.9803 67.8254
    -1.61382 -85.1961 50.896
    -1.98421 -2.08527 30.2677
    -2.18528 -64.084 8.13507
    -2.40587 94.8034 88.6422
    -2.20229 27.202 32.6019
    -2.31241 51.9562 64.5384
    -1.36596 -65.2655 45.0955
    -2.18722 -65.6371 5.96262
    -2.35589 100.004 89.4547
    -2.35472 35.8578 39.2713
    -2.0711 -75.171 51.78
    -2.07063 31.8595 34.4014
    -1.58439 34.5571 63.8926
    -2.09996 -67.8674 3.8486
    -2.38296 41.4811 53.9573
    -1.24175 -51.1502 66.3612
    -0.165908 -43.1409 29.9071
    -0.48986 -80.4185 63.5057
    -2.00886 104.21 90.7744
    -2.26601 51.3079 57.0802
    -2.18266 -82.832 55.2055
    -2.22363 58.1022 67.4393
    -1.36551 -23.6651 67.3687
    -2.23564 -76.7168 51.8991
    -0.993347 -82.1898 47.0173
    -2.14387 62.5372 70.4329
    -0.841996 -57.5108 67.0268
    -1.77429 -75.7659 50.6893
    -1.70473 40.1497 63.0629
    -1.11854 -40.347 28.7118
    -2.04864 55.4282 58.69
    -1.17511 -31.466 65.7337
    -2.83853 31.5154 64.9903
    -2.09385 67.2388 74.8755
    -1.54322 -77.4055 49.2568
    -0.344963 -83.0288 56.9266
    -1.80833 -28.8237 65.9539
    -2.01781 27.1867 66.7738
    -0.941849 22.5273 68.2777
    -1.83149 23.4509 32.1333
    -2.07696 70.8921 79.7715
    -2.06469 -71.919 51.4087
    -1.66346 20.0108 68.7778
    -2.08904 48.474 55.7058
    -0.00962204 -35.6011 65.7045
    -2.07489 60.9178 61.8041
    -1.99704 76.4237 84.9327
    -1.96902 -73.5241 52.3186
    -1.26905 -38.0095 27.8305
    -1.97366 67.3809 66.7117
    -1.61188 14.8241 69.5617
    -1.815 -76.2945 49.9523
    -1.43652 -84.3814 48.5223
    -1.45007 -68.9762 45.6305
    -1.55606 -62.2796 45.2312
    -1.93352 81.8808 88.5364
    -1.40452 37.5273 63.3439
    -1.30992 105.839 91.7773
    -1.90621 71.8688 71.36
    -1.39346 -85.0929 50.3471
    -1.04853 -58.3299 43.8415
    -1.44663 -80.8989 45.7928
    -1.90019 87.6136 91.244
    -1.86834 -73.8008 51.7884
    -1.08249 -79.543 45.2539
    -0.169063 -82.2962 60.4017
    -1.87822 93.3725 92.9722
    -1.68399 -45.4025 65.7571
    -0.00146717 -70.3952 69.7635
    -1.84029 98.8046 93.5838
    -0.0811831 -72.0418 69.461
    -1.82438 74.8226 75.5408
    -0.575911 9.83678 70.011
    -1.80313 76.8812 77.8923
    -1.19687 -35.2721 27.0716
    0.0113969 -69.1004 69.8273
    -1.41166 -47.5855 65.7923
    -1.73062 103.713 94.7095
    -1.00196 -31.9806 26.5417
    -1.2051 -19.2767 68.1414
    -1.75183 81.065 81.6179
    -0.539682 -1.19847 70.2344
    -1.85477 105.75 92.7515
    -1.67575 -71.7045 50.9101
    -0.96657 -84.6579 49.5648
    -0.874681 -81.9143 47.957
    -1.69151 85.8483 84.7094
    -0.220339 -78.1212 65.9086
    -1.51453 35.408 39.5472
    -1.55276 105.35 94.4388
    -1.1286 -72.1818 45.8509
    -0.0650954 -74.3401 68.6187
    -1.66833 90.6028 86.899
    -1.22962 -74.4238 50.9074
    -1.63608 95.0078 88.1616
    -1.63278 100.647 89.1159
    -1.522 -78.6331 49.0466
    -1.5777 -80.9635 47.9266
    -0.0347032 -81.4934 61.9791
    -1.48531 -76.8976 50.4211
    -1.18498 -84.0438 50.8154
    -1.43682 -72.3898 52.0696
    -1.45156 43.7851 63.0638
    -0.822663 -72.5001 50.0024
    -1.42457 46.5873 63.5406
    0.0314728 -42.7799 65.8563
    -1.21898 33.9348 37.4371
    -1.06955 -79.9416 47.824
    -1.3405 -73.4206 52.6767
    -1.44247 10.2581 30.3967
    -0.282827 -84.1984 53.5269
    -0.977298 -78.005 49.9379
    -0.91731 -34.779 65.628
    -0.866392 41.6575 53.5391
    -1.29391 52.4476 65.3711
    -0.793985 40.4232 53.0346
    -0.820606 44.7768 54.387
    -0.615245 39.3674 52.2098
    -1.25482 13.0225 30.7124
    -0.819937 -76.8263 52.4833
    -1.25838 58.6677 68.3836
    -1.00727 32.1209 35.6573
    -1.22486 -75.0865 52.2842
    -0.704471 27.3335 33.2277
    0.0890982 -51.4077 36.3543
    -1.22309 63.2737 71.7465
    -0.77645 105.071 94.9891
    -1.1303 56.1525 58.5461
    -1.2592 48.7029 55.5814
    -1.18655 66.8977 75.3627
    -0.543888 29.4395 34.1327
    0.512606 -39.6065 65.8991
    -1.57729 -78.0102 52.0137
    -1.17808 70.4111 80.0499
    -0.394705 -47.8885 32.8349
    -1.13063 73.8121 83.3904
    -1.10929 62.7988 62.5744
    -1.10149 77.2447 86.234
    -0.881103 -59.7396 44.482
    -0.444111 -77.6869 49.073
    -0.0765508 -76.5212 67.2399
    -0.468356 31.0639 65.4229
    0.0569302 -53.6931 39.7224
    -1.06758 68.5233 67.2782
    -1.06306 82.7716 89.6295
    -0.477472 35.5999 41.1706
    -1.04755 88.6974 92.1996
    -0.57504 36.2463 42.8416
    -0.765998 72.1263 71.0426
    -1.06792 93.7605 93.5311
    -0.666105 -84.889 49.7157
    -1.04691 98.7806 94.0515
    -0.603692 106.205 92.9696
    -1.02827 75.9509 76.5065
    -1.02653 103.429 95.0429
    -0.0210388 -54.7966 40.9501
    0.121909 -55.9353 41.7892
    -0.715214 -74.8275 50.7464
    -0.52094 36.8269 44.7651
    -0.985024 80.6666 80.9544
    -0.683107 -81.1767 45.6911
    -0.928997 -7.56646 69.8581
    -0.530562 18.1163 31.885
    0.0413828 -4.40864 70.1399
    -0.954744 85.3975 84.1581
    -0.450263 -80.8735 49.7462
    -0.662457 89.7035 86.1925
    -0.929349 93.8924 87.6662
    -0.666241 99.4734 88.5551
    -0.367162 -82.7742 47.447
    -0.658339 102.249 89.3799
    -0.971895 -83.5674 47.684
    -0.30452 37.4075 46.7656
    -0.597502 105.093 90.6953
    -0.292433 -78.2533 45.2754
    -0.271236 -85.6297 50.7645
    -0.684152 -71.6967 50.2299
    -0.50383 -67.6083 69.6304
    -0.760119 22.0418 32.4262
    0.443957 -65.0771 69.0835
    -0.386587 -78.7153 48.8009
    0.53481 -82.1285 47.8143
    -0.319654 -82.7741 48.0243
    -0.0179739 -24.6 67.2701
    -1.02648 -81.5337 47.7746
    -0.271821 -82.9504 58.675
    -0.00956567 -29.8434 65.9775
    -0.422822 -81.2654 47.4469
    -0.931537 -83.226 55.5224
    -0.441604 -84.1062 48.2877
    -0.634687 -23.7696 26.5389
    -0.577063 -27.1143 26.2914
    -0.596832 -18.3661 27.5937
    -0.0670487 -45.2763 31.0038
    -0.346233 -75.1519 45.8364
    0.264829 -81.2307 47.9047
    1.70281 -50.0231 34.7187
    0.128959 -77.9955 52.1958
    0.133811 -72.5407 49.9706
    0.0292584 -74.3054 50.5827
    0.834944 -62.5888 45.1823
    -0.135911 -84.8857 49.7177
    0.0761677 -83.1628 55.9223
    0.270476 -75.0905 52.3697
    0.0333206 -12.5957 29.0374
    0.388885 -71.672 51.2729
    -0.292711 -73.3559 52.7626
    0.41645 -72.3541 52.1085
    -0.1373 23.9369 32.8093
    0.0518706 35.9185 63.7461
    0.0901442 39.0961 63.3297
    -0.264922 43.4831 63.2441
    -0.265018 46.7518 63.7963
    -0.265018 48.7477 55.5225
    -0.265018 52.6964 65.6692
    -0.265018 56.3761 58.5096
    -0.265018 59.2421 68.9511
    -0.265018 62.6256 62.3232
    -0.265018 63.6303 72.3159
    -0.265018 66.6695 75.3765
    -0.265018 68.4904 67.0861
    -0.265018 69.9338 79.7347
    -0.265018 73.3257 83.2429
    0.112733 75.0669 75.189
    0.142145 76.8487 77.3198
    -0.265017 77.8235 86.8247
    -0.265018 81.2577 81.3461
    -0.265017 82.7569 89.8042
    0.141406 85.581 84.1846
    -0.265017 88.6932 92.3643
    0.248393 90.6071 86.6146
    -0.265018 93.6637 93.6628
    0.126872 94.7858 87.783
    -0.265018 98.8636 94.2036
    0.191958 103.482 95.1636
    0.42386 105.707 94.3746
    0.484712 105.896 91.6725
    0.162691 -20.8516 67.9605
    -0.228899 3.97807 30.5649
    -0.842259 4.04475 70.1874
    -0.265017 10.2852 30.5523
    -0.246226 13.9194 30.9984
    0.469587 13.3157 69.7447
    0.231045 17.5989 69.2436
    1.00923 24.5121 67.6885
    0.143567 33.9981 64.2177
    0.188621 -57.1525 42.977
    0.0347206 30.6472 35.2244
    0.615971 -82.8892 47.2687
    0.09269 32.5827 36.9371
    0.208869 33.964 38.7992
    0.174771 -78.3546 48.5658
    -0.416522 -81.0402 47.7718
    0.739261 -81.0658 47.8477
    0.15241 -84.6577 49.5966
    0.300909 -81.6828 48.1249
    0.437517 -81.1408 49.1029
    -0.00787833 -61.5956 68.0875
    0.384194 -84.2994 48.296
    1.02177 -35.4749 27.1267
    2.31871 -45.6645 65.599
    0.569109 -47.2618 65.6833
    0.316487 -51.4799 66.4742
    1.50021 -28.6905 26.3508
    0.301219 -71.4846 50.5526
    0.416766 -84.0528 50.7895
    0.265265 -80.9967 45.6929
    0.617821 -79.9158 47.8749
    0.466071 25.4633 33.0988
    0.836347 -65.3705 45.1073
    0.816901 -69.0917 45.6368
    1.11024 17.8822 32.9007
    0.886094 105.013 94.7887
    1.17592 -84.3764 50.3239
    0.502437 16.663 32.4091
    0.70262 104.486 90.4994
    2.28181 -48.1874 32.9035
    0.783824 102.087 89.4737
    0.767109 99.4006 88.6831
    1.28455 37.4707 47.531
    0.483884 -79.5787 45.3388
    0.739143 -79.7926 64.0948
    0.742773 4.45341 70.1366
    1.55328 -22.9145 26.7326
    0.45499 80.6666 80.9544
    0.684035 -7.54764 69.8276
    0.573125 -85.1668 50.3115
    0.0444089 38.3811 50.296
    0.888145 105.984 93.0283
    1.42944 -75.2635 46.0391
    0.395647 -81.9988 47.0111
    0.976447 -85.0833 50.9026
    0.516876 98.7806 94.0515
    0.542884 72.0635 71.0915
    0.936593 -59.6325 44.4754
    0.537884 93.7604 93.5311
    0.517521 88.6974 92.1996
    0.533031 82.7717 89.6295
    0.537548 68.5233 67.2782
    0.56628 -74.4732 50.8672
    0.571455 77.2447 86.234
    0.564537 14.2264 31.3056
    0.755114 -77.5018 49.2276
    0.579259 62.7988 62.5744
    1.28567 29.0296 66.1096
    1.1879 35.4219 42.4887
    1.14051 -76.7789 52.1286
    0.600265 56.1525 58.5461
    0.60059 73.8122 83.3904
    1.41731 -71.877 51.2557
    1.55136 -31.8167 26.5278
    0.600051 -34.5501 65.6483
    1.41248 34.1909 40.2941
    0.648048 70.4111 80.05
    0.729165 48.703 55.5814
    0.656515 66.8977 75.3627
    0.550983 -72.2589 45.8692
    2.10513 -19.1023 27.5599
    0.693053 63.2737 71.7465
    0.751011 -73.4323 52.6429
    0.36788 -57.0352 67.0522
    1.39775 25.8144 33.2495
    0.728347 58.6677 68.3835
    1.52445 38.9576 51.669
    1.79525 -58.414 67.0174
    1.02027 22.4175 32.8558
    0.786432 -77.3206 50.2848
    1.42765 -60.9646 67.7797
    1.33556 45.4669 54.7167
    0.763872 52.4476 65.3711
    0.749162 12.6891 30.6712
    1.40098 39.7122 52.5913
    1.49946 -1.99346 30.2726
    1.68577 -82.67 55.3735
    1.29809 43.3547 54.2312
    1.35757 -79.8556 50.1873
    1.13875 28.5591 34.3961
    1.37203 41.0699 53.49
    1.36262 3.78868 30.3962
    0.922376 -80.5739 45.791
    0.894534 46.5873 63.5406
    0.756985 -78.6458 49.0099
    1.10281 -7.39984 29.9566
    1.62008 -81.3378 48.0255
    0.92891 -10.8935 29.4551
    1.20059 103.713 94.7095
    1.0589 -75.7345 50.6475
    0.914224 10.5204 30.3988
    0.921388 43.789 63.0641
    2.46513 -67.1052 69.3527
    1.10519 -76.3108 49.9052
    1.50869 -39.3213 28.3242
    1.34284 30.414 35.7467
    1.89949 -46.004 31.257
    1.25177 -80.1666 48.0623
    1.46216 -78.0029 49.0135
    1.43659 -75.8155 49.9668
    1.10605 95.0078 88.1616
    1.15868 -78.0389 51.8002
    1.1383 90.6028 86.899
    1.16147 85.8484 84.7094
    2.13201 -82.4094 56.5749
    1.90978 104.919 91.8305
    1.7233 -25.8948 26.3687
    3.74179 -72.2346 69.0072
    1.22179 81.0651 81.618
    1.4904 36.5782 45.1833
    1.64281 -61.2854 45.094
    1.88641 -0.474308 70.0084
    1.60055 -24.2398 67.0985
    2.38185 -79.9516 47.7677
    1.63985 23.2034 32.7569
    1.79563 -29.2491 65.7957
    1.21988 32.6553 37.9538
    1.24562 -73.8182 51.7382
    1.2731 76.8812 77.8923
    1.96182 -12.4813 68.9656
    1.43265 -75.1905 51.7235
    2.28809 -42.7175 65.8158
    1.31026 98.8046 93.5838
    2.07612 -55.7842 42.2
    1.29434 74.8225 75.5407
    2.56497 -53.2284 39.7156
    2.8066 10.3985 69.6949
    2.0215 -57.7248 43.8189
    1.64652 -32.346 65.5348
    1.97454 -84.2457 49.3639
    1.36643 -73.5426 52.2649
    1.34818 93.3725 92.9722
    1.37618 71.8688 71.36
    1.37015 87.6137 91.244
    1.55731 38.1701 63.0134
    1.40348 81.8808 88.5364
    1.94602 34.6523 63.5876
    1.44361 67.3809 66.7117
    3.09586 -50.6889 35.7844
    2.29899 -80.1584 47.409
    2.29127 -51.0266 66.0363
    1.467 76.4237 84.9327
    1.55901 48.474 55.7058
    2.24934 17.2891 69.1303
    1.54485 60.9178 61.8041
    2.21828 -81.0135 47.0618
    3.48142 -76.7214 66.7546
    1.51862 55.4281 58.69
    1.54692 70.8921 79.7715
    2.10862 -75.0425 49.0757
    2.09043 -79.2554 49.6411
    2.92201 -80.5665 62.6878
    2.35853 22.2184 68.1604
    2.04493 -77.9064 50.799
    2.31104 31.5151 64.9894
    1.65263 104.073 90.8772
    2.59993 -82.502 59.5213
    1.56381 67.2388 74.8755
    3.19776 -75.4809 67.7204
    2.0208 104.983 92.9714
    2.88504 -76.6172 46.7331
    1.61384 62.5372 70.4329
    2.35845 -78.4874 49.3182
    2.49536 -83.3554 48.1525
    3.3197 -73.679 68.5975
    2.382 -47.8418 65.6205
    1.6936 58.1021 67.4393
    1.9258 17.432 32.7801
    1.73597 51.3079 57.0802
    1.86248 103.263 93.9818
    1.78237 51.9562 64.5384
    1.80106 -82.7875 47.3025
    2.99062 -82.6554 58.3448
    2.11871 -82.6348 53.8729
    1.82584 100.004 89.4547
    1.9269 -71.6778 46.2041
    2.35943 -69.2801 46.0756
    2.70235 2.28795 30.2701
    1.87584 94.8033 88.6422
    2.79262 -14.0525 28.9676
    1.79329 6.4115 2.02196
    2.73615 11.2221 32.2435
    1.8961 89.1803 86.8974
    2.06403 31.0205 36.557
    1.9007 10.0235 30.5636
    2.0292 45.2485 62.5863
    2.27295 103.924 93.2804
    1.9316 83.7574 84.0631
    1.95107 9.06631 30.1091
    1.9521 7.31513 30.1584
    2.22502 26.3243 33.4524
    2.07942 5.77927 3.38063
    2.03716 99.2455 92.8923
    2.23426 -76.7412 50.2215
    2.13905 7.50244 1.1153
    2.01786 79.6709 81.1424
    2.32352 4.88932 1.53321
    3.29043 -40.3374 65.6964
    2.4032 47.3163 55.6966
    2.11501 75.0959 76.8498
    2.41829 -56.6664 66.4184
    2.09181 93.4826 92.1817
    2.65956 -32.9843 26.448
    2.30104 -81.6199 55.0222
    2.19219 41.7766 62.4913
    2.72073 -77.3621 50.8811
    2.12749 87.6916 90.3858
    3.37677 38.5756 51.2823
    1.71879 -20.0709 67.8454
    2.6486 12.8729 32.4344
    2.81133 -59.8363 45.1004
    3.56347 -35.0536 64.986
    2.63639 36.6205 62.6877
    2.17829 82.1309 87.6925
    2.45543 6.5212 0.609019
    2.90355 -78.4234 48.751
    2.9186 4.89668 69.8144
    2.3355 -36.6741 27.3109
    2.9773 -3.02872 69.7222
    2.25935 70.9914 71.1988
    2.46979 6.5372 4.87325
    2.39574 28.1797 34.3559
    3.38382 -7.24086 69.3273
    4.65592 -68.907 69.241
    2.28308 76.894 84.1526
    2.31939 -75.2118 49.4243
    2.39743 100.404 90.2448
    2.7398 8.44923 4.66002
    2.93098 -78.1502 47.1283
    2.81929 21.0184 32.294
    3.16042 -46.3102 31.5567
    3.19078 -62.281 45.7634
    1.86687 -83.9854 51.2845
    2.35014 66.1554 66.5619
    2.37654 71.7292 79.3868
    2.39834 60.5227 62.3156
    2.56642 -64.3215 45.5265
    2.75478 4.8052 3.41563
    3.01583 35.0236 63.0287
    3.15178 -28.7345 26.2136
    2.4157 32.5926 38.4309
    2.52159 102.889 92.0284
    2.72698 35.2707 42.6271
    2.4399 67.7348 74.0419
    2.45584 55.1924 59.4225
    2.33413 8.69697 1.73416
    3.29476 13.5859 69.3784
    4.80279 -71.2452 69.0907
    2.48666 93.9738 89.2017
    2.5077 62.9506 69.5573
    2.53908 99.4565 92.0007
    2.88701 41.9164 54.7529
    3.23019 -83.3769 50.0419
    2.52403 88.726 87.4878
    2.66809 51.0625 57.8214
    2.61238 58.0753 66.3136
    2.5872 83.6728 84.9304
    2.76501 5.24888 0.980047
    3.42173 -78.6025 49.7376
    2.72533 5.40176 4.52503
    3.62342 -22.5093 26.7118
    2.9306 46.6192 55.9437
    2.72734 -80.9423 55.3976
    2.9449 39.9825 53.8578
    2.6297 93.6504 91.1723
    2.80632 -80.1145 55.697
    3.33906 -77.9561 49.9612
    2.66989 88.1049 89.4433
    2.69507 78.8455 81.5309
    2.76222 94.7116 90.2981
    2.71619 52.1474 63.5698
    2.74835 -81.2511 55.9646
    3.19941 39.1556 52.9426
    3.33696 10.0824 4.84252
    2.79203 -79.8714 56.814
    2.74043 82.6382 86.7698
    3.44578 8.21807 0.694828
    3.33174 -81.2813 56.9617
    2.78301 74.2208 77.0635
    3.38828 -23.1539 66.7687
    2.85122 77.5775 83.288
    3.65085 26.9163 66.505
    2.81099 88.319 88.3618
    3.0501 45.4691 61.5851
    2.84647 15.9187 32.2673
    4.04535 -73.6616 47.2153
    3.62609 -82.9237 49.1169
    2.88193 -40.4864 28.7409
    2.92299 81.1407 84.5413
    3.4642 -81.6035 47.7329
    3.76887 -81.6572 53.3783
    2.97394 23.8266 32.639
    2.96156 72.9803 79.0015
    4.09432 -56.2 43.7362
    4.21834 -31.857 64.7554
    2.95125 70.2268 71.724
    3.03385 -79.7768 57.3555
    3.17948 4.35742 2.1331
    2.32566 -54.6128 41.309
    3.72489 -78.6487 47.799
    3.84579 -81.1677 54.6872
    2.95499 7.45132 30.6307
    3.76369 -2.42742 30.4544
    3.27044 -78.5121 48.8695
    4.05092 -81.0268 61.6655
    2.99503 5.30003 30.089
    3.05319 -33.2905 1.21746
    3.06257 68.6209 73.318
    3.45397 -60.7166 67.2978
    2.75552 9.70532 31.6327
    3.05909 -30.9217 1.96288
    3.04805 65.6098 67.2811
    3.70514 -47.9908 32.9247
    3.01882 6.77933 30.0884
    3.23181 6.3979 6.01545
    3.30772 30.6161 36.4749
    3.10081 73.57 77.9271
    3.09133 60.0517 63.1548
    3.01899 22.6815 33.5919
    3.13088 -31.3579 3.30333
    3.62991 -34.6989 27.3213
    3.24101 -33.1643 2.90026
    3.12603 63.3628 68.4193
    4.42243 -53.0938 40.4802
    3.32217 37.787 48.3469
    4.56593 36.9507 45.9516
    4.05425 28.3048 34.788
    3.3233 -30.8632 -0.0717154
    3.13471 17.3273 33.152
    3.19543 53.9624 59.9841
    3.99408 -8.07219 30.3554
    3.32383 -32.0825 -0.201147
    3.22216 69.6755 72.7475
    3.46844 46.2274 56.4923
    3.36306 -32.1965 26.7296
    3.13501 -77.6814 49.3865
    3.93301 -82.2944 59.361
    3.20453 33.708 40.3737
    3.4733 11.9639 31.9001
    3.28321 42.0191 61.5283
    3.88678 -79.9333 47.6655
    3.22642 58.9607 65.4722
    3.57513 5.67917 5.69073
    4.08564 -64.8086 68.6707
    4.2443 -77.8178 48.4523
    3.45936 -79.7056 57.8509
    3.35284 52.035 62.1898
    3.32005 65.0455 68.2776
    3.56959 5.61548 0.606544
    3.38972 24.4823 33.8914
    4.32596 -49.4874 34.5736
    3.43931 3.79296 1.08381
    3.39375 59.6403 64.3381
    3.46766 -31.4815 4.34149
    3.84536 20.1161 33.0128
    3.46425 26.6486 33.6369
    3.39463 50.4892 58.8635
    3.44629 -13.185 68.4817
    3.72686 10.8695 4.5363
    3.67071 -34.4523 1.42449
    4.37256 -43.5611 65.5844
    4.50141 -66.3225 46.5844
    3.64261 -28.1787 26.4628
    3.91049 -49.7148 65.356
    3.68867 3.20861 2.33729
    4.06543 10.7035 2.54822
    3.71893 -28.2012 3.72142
    4.22062 -25.7038 26.2636
    3.56808 51.5068 60.4556
    3.33277 -77.5587 65.8872
    4.14533 -57.3165 65.7196
    3.71482 -44.1054 30.4254
    3.89459 -54.4698 65.501
    3.7618 8.64445 7.03981
    4.4325 12.8524 31.7078
    3.89225 -33.6773 0.0181091
    3.68053 4.67659 -0.0380093
    3.52926 -25.9324 3.71726
    3.59285 -27.6351 65.6074
    3.82812 12.1658 32.0852
    5.31181 -75.6147 48.3362
    4.19267 8.16969 32.5104
    3.62209 -18.522 27.7676
    3.74665 -25.6467 3.13339
    3.71199 -26.9121 3.39885
    4.19602 3.48666 4.10669
    3.77963 45.5952 60.2919
    4.03768 -57.8422 44.9725
    4.0831 37.5101 61.3157
    3.85306 46.1268 57.4339
    4.42871 10.339 8.64706
    3.66785 32.4546 38.9433
    3.6378 -27.8745 1.52354
    5.15672 35.8617 43.8906
    4.50642 7.45717 0.442679
    4.4073 -54.3628 42.1304
    3.89294 -26.3045 2.34452
    4.52804 32.458 63.7907
    3.93188 40.6506 55.7777
    4.02854 -32.661 4.2214
    4.70559 -70.3038 47.2216
    3.90218 17.5032 68.7711
    4.19118 -81.4091 57.4561
    3.93561 -31.3496 27.0879
    4.72689 -76.3091 67.6823
    4.22821 -27.5449 27.0903
    3.84389 -82.0116 48.4176
    5.08167 -80.6289 50.7702
    3.4492 -79.7272 55.1618
    4.30039 3.75452 0.0118829
    4.13643 44.6667 58.5089
    4.5191 -32.0109 -0.695098
    4.1389 -24.9357 3.47464
    4.05231 -27.986 4.78162
    4.22347 5.94528 31.9622
    3.97554 3.38768 30.2941
    4.75468 20.6313 32.7068
    4.10046 -30.7308 5.11518
    4.53103 -47.4231 65.2276
    4.10395 -34.7314 1.86652
    4.17455 -81.6239 52.3961
    4.90463 -36.662 28.2081
    4.09879 26.7665 34.7289
    4.78827 29.5465 65.1231
    4.438 35.9221 61.5687
    4.36405 -79.5449 58.2356
    4.70671 -42.6141 30.1275
    3.97633 5.21485 30.876
    4.15901 -12.5723 29.5775
    3.98767 4.83535 30.232
    4.45925 -24.0163 9.26393
    4.02854 43.3209 60.144
    4.45153 4.65952 -0.427538
    4.03349 22.5302 67.7176
    4.69852 7.89364 8.06895
    4.30326 -21.0393 27.1436
    4.38888 -28.0158 -0.270426
    4.20579 39.0543 54.6191
    4.55903 -25.1092 10.2026
    4.16521 40.6843 60.7454
    5.28009 37.5565 47.9584
    3.79632 -38.0435 65.3406
    4.10995 3.02182 0.959472
    4.36066 5.84703 -0.52891
    4.42986 17.988 32.1309
    4.08508 31.1316 37.7025
    4.72204 13.4667 31.3706
    4.40257 40.0638 56.6974
    4.98738 2.53988 2.16539
    4.24634 -79.6127 55.0974
    4.64416 -80.0431 48.4885
    4.65722 11.7753 8.29333
    4.62346 -30.445 -0.620579
    5.09763 -34.18 0.509953
    5.93309 -80.579 55.0481
    5.78823 22.2285 33.0874
    4.52657 5.54984 5.90444
    4.54241 -45.997 31.7475
    4.89106 11.8437 4.24676
    4.65792 7.88999 32.1705
    4.92319 -60.8522 66.785
    4.64199 -28.6666 5.50525
    4.57018 -27.4712 27.5664
    5.06592 -22.5048 26.9985
    4.88002 -26.1056 9.97893
    4.93427 -77.1288 65.7555
    4.56688 40.8231 59.7818
    5.08105 -25.2593 28.5777
    4.82728 -76.7956 67.0662
    4.31395 -24.5073 6.2726
    4.62028 -23.9844 11.6217
    5.19784 -73.8333 68.8152
    4.63137 -34.5837 2.5378
    5.54192 2.90318 0.865115
    4.5743 38.3856 52.0587
    4.81811 39.0267 58.4629
    5.06377 -31.6906 5.04212
    4.76152 -28.5556 27.1643
    5.64132 -58.7047 46.375
    5.22395 -77.593 48.94
    5.28051 -23.6894 4.86196
    4.50782 -2.71723 69.2299
    4.552 4.61565 69.325
    4.97039 -26.8814 65.1199
    5.62104 -81.0468 60.4273
    4.87846 4.17608 5.44231
    4.77319 -23.2357 9.86467
    5.9639 -64.3579 68.0303
    3.49791 -82.1306 57.5569
    5.72526 -22.683 28.6569
    4.73939 37.5763 60.0743
    4.60704 -11.8903 68.2301
    4.98806 28.0876 35.6694
    4.93111 8.27886 32.0188
    5.50164 13.281 8.71976
    6.06879 -78.4441 63.4067
    4.79476 9.5603 9.38099
    4.66945 -50.8063 36.6051
    4.65132 -79.5497 55.18
    4.89362 38.5037 55.7557
    4.6612 -16.741 67.313
    5.19381 10.188 31.1856
    4.8189 16.0858 30.9508
    5.95874 -81.367 58.5425
    5.59719 -27.1106 10.0387
    5.54745 25.5248 34.4343
    4.94977 11.9506 69.0165
    5.96963 7.09199 0.0702348
    4.88377 -26.1969 26.8374
    5.08889 2.91609 3.8699
    6.71876 1.41294 34.3777
    4.83453 3.60119 31.2186
    5.32306 -61.4957 46.7245
    4.84799 3.26341 30.4703
    4.8575 1.72107 30.6361
    6.10735 -31.5642 27.6064
    4.93712 -24.8417 2.76187
    5.44794 -53.9178 42.5167
    5.21302 12.0705 12.0031
    5.43627 -33.8678 4.88912
    5.38936 -23.4347 27.2027
    5.61497 -29.4917 -0.732073
    5.55633 -79.2209 57.9782
    5.384 -35.819 1.52286
    5.19529 -22.6171 9.50077
    5.24054 -28.3027 7.17538
    5.45437 -0.730471 31.0077
    5.70105 9.11701 1.10133
    5.19913 -25.906 0.738879
    5.54659 12.944 5.72394
    5.04748 -23.3739 17.0705
    5.58127 -80.5793 52.9606
    5.4725 13.3282 11.7897
    5.15568 37.9238 57.4663
    5.14182 -24.3328 17.8883
    5.20795 -35.5366 2.87256
    5.9906 -18.6063 66.1476
    5.64863 -23.0047 26.9515
    5.36491 10.9802 12.215
    5.1328 17.8588 31.2165
    5.17582 37.3359 58.9363
    6.4619 14.434 8.90011
    6.37369 -66.7273 68.6128
    5.04364 -79.4219 55.3354
    5.18477 -22.7507 25.5533
    5.50967 4.61744 33.2084
    5.25307 -25.2298 15.6025
    5.09594 -24.6668 26.219
    6.1061 -42.2391 65.2101
    5.16933 17.0581 68.4345
    5.34181 -30.3635 5.67289
    5.7729 -32.4846 -0.465813
    6.07661 -68.1945 47.7423
    5.55613 -34.6512 64.1954
    5.10508 -14.7913 29.2417
    5.861 6.14449 -0.283011
    5.45559 -54.9764 64.55
    5.93565 -56.5238 45.5564
    5.68625 3.83943 5.57376
    5.27813 13.7963 29.2504
    5.16044 -23.7111 25.305
    5.49197 -35.1726 0.402448
    5.69671 -80.8461 57.606
    5.53279 10.0718 1.6271
    5.49102 36.2558 59.8478
    5.58051 9.14059 10.2409
    5.84442 7.65796 31.2875
    5.23219 16.4318 29.8555
    5.54762 -10.5059 30.5211
    5.88456 6.76888 7.65891
    5.29113 -22.6495 23.6685
    6.13928 -44.9088 65.175
    5.38254 -48.3851 34.057
    5.21862 -22.4944 17.7055
    5.57511 4.29654 -0.218559
    6.02548 -25.5024 64.6286
    5.66457 -41.3341 30.1584
    6.15859 -39.1786 64.9094
    6.012 -78.0143 50.0121
    5.38469 -24.6439 25.4247
    5.36893 38.0935 53.0602
    5.92871 20.4694 67.5005
    6.66102 30.0523 37.7686
    6.25913 -28.5598 -0.794181
    5.29727 24.4255 66.7571
    5.51439 10.7466 29.6768
    5.94362 -79.4716 50.9335
    5.43253 -79.2425 55.5852
    5.81137 2.69534 1.93935
    5.45911 -26.3314 11.8363
    5.60323 -34.9817 4.11923
    7.0043 -80.3868 57.3784
    6.98317 -69.8697 68.9033
    5.47058 -76.6041 66.5219
    5.64257 -25.2671 22.3916
    5.68425 -21.3517 18.2619
    6.14662 -80.1346 55.7102
    6.61586 -29.1846 6.37467
    6.01606 -27.0662 27.1903
    6.11211 -62.8526 47.4722
    5.66652 13.9851 25.5992
    6.1751 2.98675 3.38793
    5.94816 24.2678 33.9464
    6.17349 19.2237 31.2231
    6.06257 20.568 32.3628
    5.86443 -45.2971 32.1619
    5.60442 -50.4175 36.5651
    6.05004 -34.5352 -0.477606
    6.938 -71.9811 48.8512
    5.82189 -26.0609 26.8622
    5.39689 -49.4752 64.6531
    5.65583 2.3339 31.5097
    6.37869 28.1413 36.2645
    6.19887 -7.1672 68.1555
    6.10703 -3.61975 68.4944
    6.3787 36.5169 45.6337
    5.86583 14.0724 17.1586
    5.75356 11.6793 26.9573
    5.71367 1.63154 31.0254
    5.93471 12.8516 17.4132
    5.70151 16.1194 28.8292
    5.79088 -21.9446 28.7716
    5.80437 -25.4669 26.2134
    5.9573 11.7377 15.7083
    5.86931 37.6522 49.457
    6.60204 8.05752 9.45993
    6.31127 -32.2469 63.7004
    5.93994 -25.8876 18.7877
    6.31912 -31.7886 6.1064
    6.2913 -73.2059 69.2651
    6.39119 -13.5531 30.2437
    6.30784 -57.2746 64.4086
    6.05399 15.7502 22.0693
    5.91429 -25.7235 0.508752
    6.03666 15.8965 25.1069
    5.90088 -13.5836 67.2849
    6.86707 32.6593 61.7625
    6.21082 -75.2089 69.1879
    6.65428 -80.1868 57.131
    5.90701 14.3884 21.7891
    6.44407 2.86911 0.232471
    6.49452 -30.0892 -0.768962
    6.22497 10.3824 13.8275
    6.30589 3.9677 -0.516362
    6.46567 -60.9462 65.9475
    7.04426 34.284 42.3013
    5.90201 4.34686 68.7631
    6.26701 2.37227 1.51758
    6.27571 -21.9893 7.75792
    6.46996 -28.5523 27.4692
    6.02474 -78.9397 57.5198
    6.50265 11.05 2.63774
    6.00345 13.3063 21.958
    6.08983 -76.0783 67.4031
    6.32356 16.6449 26.4466
    6.27944 -35.805 0.685735
    6.04086 -78.8341 56.6236
    6.60834 -29.8772 6.12098
    6.11757 -20.9794 28.5757
    6.1589 -20.8574 23.578
    6.44126 -53.2759 42.7778
    6.68087 -35.803 3.56386
    6.03546 36.7666 57.6288
    6.43048 -20.9663 28.0287
    6.79697 30.7697 63.2376
    6.7595 -76.6543 69.4409
    6.4252 4.39704 32.9925
    5.98728 37.5868 54.7475
    6.0701 11.0427 26.1293
    6.3282 15.378 13.6767
    6.17709 15.6196 18.3282
    6.46281 -20.6136 14.4476
    6.19289 11.5702 68.5115
    6.20021 -36.206 2.26708
    6.49514 -33.2104 5.71656
    6.6599 -53.0843 63.5508
    6.39629 -50.2711 63.9468
    6.3401 -26.1975 22.3617
    6.97324 -24.206 1.8769
    6.08031 8.02274 29.7366
    6.2153 12.6722 21.4073
    6.54133 2.90482 33.8997
    7.18288 -32.3876 28.1707
    6.48439 12.0454 20.2459
    7.4323 -74.8117 50.1709
    6.7435 -33.226 -0.553716
    6.26689 -75.9971 66.1892
    6.91492 -22.7639 4.38591
    6.4142 -28.4806 8.53589
    6.90545 -20.4969 29.6114
    6.70667 -3.95223 31.6192
    6.41352 -34.6196 4.82952
    6.62997 -20.6148 30.0426
    6.52882 17.9705 28.7796
    6.5226 -18.8885 28.7698
    6.62839 7.11669 29.807
    6.30663 -25.8167 24.1798
    6.77214 -27.2894 -0.277726
    7.01908 32.5579 40.2536
    6.48346 -42.4274 31.1596
    7.0386 4.33629 5.55283
    6.4072 28.7809 64.5669
    5.79765 -7.6657 31.0191
    6.56661 -26.5191 18.4334
    6.39685 16.5186 67.9639
    6.52135 -74.7528 67.1363
    6.75418 2.66124 3.25135
    6.77122 5.36764 -0.955191
    6.87945 35.4602 43.9642
    6.83626 -19.8162 22.3412
    6.47215 11.38 24.1245
    6.56643 1.21592 32.8872
    6.74101 37.3572 52.8112
    7.07752 9.41859 12.6394
    6.69206 17.5487 21.1018
    6.43987 -47.1205 33.9694
    6.88912 10.9087 17.4617
    6.5021 -21.1364 10.6012
    8.14338 -35.1445 29.5122
    6.47225 24.0814 66.2786
    6.94852 -19.4056 30.1896
    7.12025 6.51869 -0.424625
    7.31359 -66.983 48.743
    6.50027 1.29253 31.7016
    6.85493 8.14079 27.8243
    7.5703 10.6324 2.15915
    7.87734 -79.3637 54.5181
    7.65611 -32.3411 -0.508679
    6.78775 -51.4847 39.6494
    7.83753 0.580655 35.4874
    7.15797 -62.4919 48.4153
    6.78193 6.6032 7.72614
    6.93691 6.40041 29.4878
    7.11295 -58.2227 64.1665
    6.73358 0.104856 31.8083
    7.31187 -19.273 19.6114
    6.93944 11.3161 22.7845
    7.31722 9.02962 0.946722
    6.84716 20.4204 31.8073
    7.04226 25.9744 34.9296
    7.10985 -74.0171 68.3472
    6.60885 -48.923 35.8397
    9.82935 -77.5832 72.1611
    6.80695 37.3301 50.1963
    7.16402 13.2779 5.0586
    7.26353 14.7218 8.30043
    6.33977 -27.007 12.2017
    7.21555 -27.8686 10.6431
    7.11721 -74.5168 66.0277
    7.49273 -11.498 66.6772
    7.59147 -57.4498 47.7685
    7.7319 -54.9132 62.6532
    7.20295 -72.8944 65.9491
    6.87979 -27.807 27.1026
    7.04874 10.0209 14.4936
    7.11859 8.60103 10.5317
    7.16887 18.4953 27.8419
    7.30322 -21.1004 28.6597
    7.1555 19.817 30.8963
    7.07838 -43.5153 32.1942
    6.72233 -80.3149 60.1404
    7.17337 -56.0405 46.6299
    7.11627 -73.2494 66.6818
    6.60903 -60.0319 47.3876
    7.42632 -20.2708 29.5426
    8.09034 20.6592 21.2166
    7.12228 10.0297 24.924
    7.5025 -21.9261 5.8679
    7.53112 3.94438 -0.345147
    7.32036 36.2128 56.0198
    7.75059 18.7097 18.6447
    6.37007 -76.8528 68.1448
    7.57182 -64.1936 67.1648
    7.42385 -27.6522 -0.51209
    7.55584 -34.5514 4.49015
    7.46364 -45.2296 64.5948
    7.26311 -26.7119 25.796
    7.54381 22.2509 32.8773
    7.33148 11.4544 21.1924
    7.73498 2.99103 0.522234
    7.44811 3.23159 4.30477
    7.45645 -42.0929 64.6585
    7.39349 18.6238 25.7145
    8.4875 -68.3936 68.4183
    7.42492 -35.4528 0.803904
    6.57767 12.2354 3.81289
    7.43596 19.2416 29.4622
    7.85877 2.56632 1.87293
    7.52695 16.7419 12.9926
    7.9415 -78.2598 52.6099
    7.50985 -54.5972 45.8083
    7.21782 -16.2308 65.8409
    7.49327 36.555 54.6995
    7.50474 -26.946 20.9304
    7.54795 -35.9878 2.71369
    7.49987 -35.62 3.34843
    7.56777 -74.3362 70.1451
    8.23331 -30.3718 -0.782331
    7.19402 -74.773 68.889
    7.6197 -34.8379 63.1479
    7.20347 0.569189 32.7887
    7.66851 -72.744 69.6918
    8.80282 -0.697142 36.6347
    7.87682 36.6829 48.7671
    7.66407 28.3825 36.6953
    6.96715 4.39791 31.9957
    7.53146 -44.9083 33.4896
    7.95715 -28.7068 9.05022
    7.70283 -31.033 5.98945
    7.98158 -71.0431 49.7161
    8.24121 -32.3179 28.6101
    8.09553 -17.8858 28.2883
    7.22803 -48.6437 63.7201
    8.20884 4.88803 -0.154622
    7.3169 -30.2511 27.9397
    7.62355 0.110814 32.4855
    7.38391 7.25945 68.0006
    7.86414 -38.3504 63.9791
    7.11093 17.8999 19.5077
    7.4464 -71.089 65.2498
    7.80703 -18.5382 29.8481
    7.94479 27.5405 63.8315
    7.45529 -24.708 63.6151
    7.66425 -61.2853 65.1967
    7.80793 -50.8281 62.5792
    7.94108 -50.4507 39.7139
    7.70843 -18.7146 31.2232
    9.39577 -76.4613 71.9647
    7.41902 -29.1451 27.483
    7.73194 -77.4898 62.9017
    7.41893 2.37449 33.9696
    7.57217 -2.87175 67.6964
    7.73832 -70.8683 64.1213
    7.92566 -19.0585 15.8842
    7.79101 -27.4628 12.6824
    7.50414 23.8522 65.6373
    7.53547 13.8478 67.6322
    7.85837 6.73897 28.0787
    8.27249 10.0695 23.662
    7.94803 -52.8635 44.2837
    8.38771 -77.6778 61.4875
    8.65224 -66.3088 67.6495
    8.37893 -29.3032 6.15674
    8.20097 34.363 57.9624
    8.66283 -76.9066 52.5819
    7.54495 -47.0721 35.165
    7.85504 -22.6526 4.03989
    8.04599 9.62388 1.10952
    8.37495 7.9757 9.04443
    7.56987 18.9981 66.8314
    7.4224 -26.5661 24.4115
    7.80788 36.1849 46.3551
    7.41058 -31.017 63.0744
    8.16664 -61.7414 49.5632
    8.07662 -10.6582 32.1783
    7.84666 36.781 51.0705
    8.94906 -29.9867 5.77793
    8.11901 4.08125 5.17012
    8.39436 6.73421 7.41062
    7.48113 -33.892 -0.294517
    8.82519 -6.82214 66.4367
    8.10338 -1.49819 32.9527
    8.14541 9.03731 11.7011
    8.826 -74.0135 51.5008
    8.00403 -20.7658 29.2422
    8.3723 -36.187 1.83885
    8.20468 -35.6509 0.626982
    8.34431 -76.1436 63.747
    8.31064 -34.6358 4.70551
    9.35615 -32.6327 -0.484004
    8.03517 -48.743 37.5028
    8.10179 6.92489 -0.179947
    8.75724 -71.4477 66.2933
    8.15072 3.21651 30.9931
    8.43615 30.6341 38.8921
    8.21673 -73.2305 64.4378
    8.65677 -17.1295 27.6486
    7.99198 19.1858 27.145
    8.13323 -17.6552 31.0051
    8.1271 -28.8407 -0.692839
    8.32529 3.36002 3.70842
    8.36647 -31.2846 62.2356
    8.35583 -28.1181 26.6521
    9.17732 -72.0718 67.4116
    8.08057 -70.8827 63.0576
    8.27095 -58.6202 63.191
    8.34567 -53.2387 61.7205
    8.5333 -33.2326 -0.600828
    8.09563 -79.4591 58.3957
    8.68878 -33.9001 62.2175
    8.48649 -35.7061 3.6201
    7.67606 -32.6422 5.5896
    8.47361 -28.1596 10.3362
    7.98842 10.4439 17.9046
    8.52967 -27.18 25.6319
    8.23553 -26.1358 0.118134
    8.73175 -71.4265 69.5499
    9.11319 -36.166 30.6727
    8.52502 0.373725 35.4171
    7.88874 -8.23396 32.3933
    8.50158 19.0448 17.5651
    8.54717 17.1262 12.5133
    8.05001 32.9672 60.0073
    8.03992 -20.0194 11.0586
    8.443 -44.7735 63.9759
    9.72901 10.1154 1.60193
    8.81484 8.64986 10.0147
    8.17675 -30.44 27.8662
    8.60664 21.1556 32.2323
    8.47521 -55.4463 48.2418
    8.53478 20.3043 24.4078
    8.58513 -34.5812 -0.434006
    8.38325 3.88362 0.461483
    8.44064 -69.9755 62.9632
    8.58284 -70.4209 65.0454
    8.30068 -15.3029 65.1908
    9.05732 -17.7108 32.1956
    8.55885 1.50774 32.7056
    8.64099 -46.9024 63.0992
    8.60917 21.2983 21.7413
    8.56576 -45.0434 34.8685
    8.71277 20.1518 30.9899
    9.1851 10.3811 17.6022
    9.1183 34.8864 45.0072
    10.6627 -77.6316 72.8813
    8.86915 -26.9273 24.1197
    8.83636 -17.1657 25.4004
    8.74751 -18.7691 15.1528
    8.75975 9.21909 0.957961
    8.73249 -29.1754 -0.960586
    8.7761 -24.9922 62.334
    8.74406 -52.605 45.4796
    8.69203 -22.5244 4.21174
    9.22339 -64.3364 66.0909
    8.6189 -27.3726 19.8461
    8.70795 -21.8751 63.0783
    8.88697 -42.3985 63.6789
    8.67518 3.54804 1.54753
    8.76085 -49.8507 61.7452
    9.08418 7.12325 26.9289
    8.87133 -21.0935 7.54364
    9.03022 25.2078 34.9083
    9.41015 31.4636 40.2443
    9.11957 -53.6583 47.9821
    8.92089 10.7212 22.2583
    8.46729 21.0436 65.5758
    8.19437 13.2356 4.8191
    8.9086 -33.5865 29.3583
    8.50645 11.0725 20.9605
    9.36862 -77.5321 54.9705
    9.05011 -17.4729 22.5937
    8.9161 19.6774 29.1163
    8.84701 -46.562 36.4496
    8.94856 -20.0707 30.511
    9.15121 35.8904 51.2739
    8.7355 -69.9946 63.9465
    8.91122 -69.3642 50.7246
    8.79891 -0.204611 33.6031
    8.82914 -18.6794 30.8256
    9.00181 7.1953 -0.495959
    9.26615 -77.1389 59.9837
    8.7372 15.7019 66.5032
    8.99196 19.7483 27.0531
    8.61261 -41.3312 32.7118
    8.88856 35.7653 47.0573
    8.92847 3.89407 0.214442
    9.16527 -32.5937 5.42515
    8.72185 11.0281 67.0102
    9.26908 -58.0076 50.6042
    9.46211 -18.5301 32.0888
    8.69425 4.05237 67.1147
    8.97199 -72.8151 63.7391
    8.94678 33.8406 42.9617
    9.15261 -19.7569 11.1635
    9.06892 -69.4222 62.4867
    9.52582 -35.3234 0.956821
    9.04029 -22.5822 3.64905
    9.02148 21.434 20.7156
    9.26753 -54.7724 60.767
    8.8411 -2.79666 66.8359
    9.00362 19.4111 17.905
    9.65711 -14.3093 32.7507
    9.68356 -70.6597 62.4347
    8.95008 -38.2373 63.1097
    9.9899 -73.6301 69.4881
    9.08298 -8.62494 33.5951
    8.85062 -27.3762 12.6801
    9.20626 -28.4421 -0.717968
    9.05405 -51.3461 60.8606
    9.59745 -35.686 2.47313
    9.04391 -49.7058 40.734
    8.99609 -31.5129 28.3085
    9.36329 34.9599 54.5693
    10.4535 -63.796 64.2646
    9.48758 -1.72832 34.6017
    9.76536 6.04401 5.43573
    9.66045 -71.9448 63.1969
    9.30428 -28.57 8.60507
    9.30342 -10.7121 65.3068
    8.88327 -24.8655 1.08483
    9.38761 3.08364 30.5356
    9.90373 -1.21337 37.3876
    9.21386 9.34954 11.5166
    9.48629 -61.6294 63.4249
    9.33047 -59.432 62.182
    9.78292 4.01725 1.92335
    9.27991 -69.2882 63.0799
    9.13061 -16.6197 31.6891
    10.5246 -75.7685 58.3288
    8.54047 30.9957 61.0296
    9.48677 -0.163319 34.5223
    9.26872 5.31753 -0.518598
    9.62085 -44.6447 62.7418
    9.59379 -34.7789 3.96893
    9.4266 16.6158 11.5666
    10.3831 -27.8399 -0.544614
    9.70085 -52.793 48.6328
    9.96341 -46.6127 38.404
    9.27784 -14.8706 64.3639
    9.3515 -16.4487 28.2458
    9.99412 6.4596 -0.152574
    9.33135 28.6769 37.6565
    8.7736 24.9256 63.9688
    10.0466 -71.7092 52.6134
    9.26919 -22.9247 3.81216
    9.46701 12.9613 4.81085
    9.26076 21.5882 21.9779
    10.2237 -29.1542 5.32788
    9.77192 -30.8342 60.7139
    9.61755 -38.266 32.3088
    9.6082 -28.2323 26.6729
    9.67303 -54.5782 50.0821
    9.29067 1.31714 32.429
    9.65657 -18.7162 15.0794
    9.76924 4.54276 0.377144
    9.91266 11.1736 20.8904
    9.61384 32.5126 57.9066
    9.98651 -17.0531 23.2931
    9.30181 -62.2327 51.4616
    10.109 -70.4318 65.0544
    9.0109 -74.7934 63.6481
    9.39316 4.85278 4.04939
    9.59752 20.056 64.5309
    9.80721 19.0784 17.4301
    9.73733 -53.6638 59.6898
    9.54754 -22.3286 5.51131
    9.57758 -16.5878 25.8447
    10.3155 -69.526 52.8369
    9.94563 -69.6106 68.7663
    9.85513 -20.4718 31.655
    9.63233 8.9786 24.7607
    10.2922 7.96575 7.10427
    9.90544 -27.0963 25.5866
    9.97362 -20.8114 9.01739
    9.88686 -75.1475 61.9878
    10.0731 -29.8142 -0.888196
    9.80301 -16.1847 32.0104
    10.1105 14.0983 65.4107
    9.53064 -27.1459 12.4233
    10.1784 -67.9759 67.817
    9.89786 -33.3263 60.9456
    9.88392 -1.17617 38.5465
    10.0623 -23.2031 4.21379
    10.1799 -30.2807 5.15301
    9.74445 -66.0141 52.1903
    9.89401 -0.393874 35.2197
    10.2346 21.7099 33.2444
    10.2722 -26.0822 0.496271
    10.0178 -34.7532 1.15755
    10.8579 -18.6306 34.059
    10.5758 -66.5311 66.7255
    10.1236 34.9423 47.3925
    9.82936 -37.748 62.1287
    9.97009 21.5946 21.1163
    10.0639 11.2382 65.8337
    9.91559 33.6326 43.6864
    9.96921 -48.5672 60.3886
    10.5225 -17.2338 22.4849
    10.4187 9.67337 9.70574
    10.3952 -1.54061 36.8674
    10.3727 -73.4071 61.821
    9.82281 21.6152 22.0029
    10.1589 8.3151 0.612767
    10.2192 -31.5471 28.5202
    10.5289 5.4062 3.89019
    10.1893 -61.795 53.3055
    10.4319 -28.5627 6.1788
    10.1475 -42.3062 62.2295
    10.0439 10.0652 12.172
    9.86952 -6.11324 34.9382
    10.4969 11.2064 19.4634
    9.65674 -34.6355 30.2825
    10.3222 20.5899 32.4009
    10.0461 -50.1151 44.5545
    10.0662 -13.3122 63.9124
    9.87764 -9.80252 34.3759
    9.92489 19.8674 26.0542
    9.91125 0.389361 66.0311
    10.343 -75.0867 54.501
    9.85004 -51.4824 59.3387
    10.2031 -25.938 60.3766
    10.4687 10.2312 23.3121
    9.99075 -27.1922 20.3062
    10.3331 19.7598 30.8573
    10.1604 34.853 52.0455
    10.7108 -75.9879 72.6781
    10.2417 -15.9697 29.0946
    10.2868 19.3757 28.9628
    10.3672 1.10514 32.5883
    10.7807 -47.0551 40.6249
    11.2677 -74.4437 72.0848
    10.3628 -45.6755 61.1158
    10.4224 5.93176 27.9384
    10.1894 -28.0703 8.51621
    10.1182 -5.08812 65.4714
    11.8312 -72.0148 68.0042
    10.2379 -34.4531 2.89237
    10.3719 -14.1452 33.7155
    10.3342 -32.4846 -0.822244
    10.5106 33.3245 55.1737
    10.8772 -27.7116 26.7152
    10.3592 4.86034 1.7674
    10.3974 -59.1142 53.6959
    11.2088 24.2162 60.6455
    10.5535 -71.3808 62.2622
    10.4626 12.4799 5.13003
    10.6442 -19.7725 33.6502
    10.6813 -70.2546 63.5538
    10.3939 -1.88351 38.4517
    10.6657 -23.17 6.55182
    10.2404 17.1576 13.8609
    10.4229 21.7361 62.7678
    10.7111 -64.2496 54.5013
    10.9174 -18.6319 17.5478
    11.3711 -17.3789 34.616
    9.50362 28.0302 61.5352
    10.2852 -59.3921 60.4894
    10.4111 30.888 58.2101
    10.7514 -72.3014 61.6942
    11.0601 -76.8862 72.7546
    10.2979 -53.4767 51.5829
    10.7099 -34.1354 0.261626
    10.1658 -26.7543 12.2852
    10.6936 -0.509804 34.9465
    10.7758 -1.13789 40.7861
    11.0208 29.0923 58.5568
    10.7537 8.53911 25.4764
    10.4779 28.546 38.2963
    10.7899 -75.3511 56.5291
    10.3343 -53.8556 58.1422
    10.3596 -18.4707 62.0395
    10.5479 21.0941 22.3152
    10.4322 -51.2679 57.4967
    10.8079 24.3121 35.2206
    11.1497 -47.7101 42.7859
    10.7748 -34.749 1.67039
    10.6661 -74.5941 60.2799
    10.7113 11.2629 17.1061
    10.8319 -71.6513 70.0704
    10.8516 -17.8566 20.1279
    10.4478 -51.6428 50.5202
    10.7232 -36.1593 60.7387
    11.4457 -72.5523 68.7971
    10.5373 5.91256 1.13423
    10.501 -61.5269 61.5529
    10.6488 18.3468 17.4468
    11.3287 -66.4141 66.0452
    10.4608 -26.6427 24.2173
    10.5301 -6.94071 36.1595
    11.2428 -68.0928 54.9243
    10.8679 11.3396 21.4977
    10.6912 31.1341 41.0177
    10.694 19.367 26.0517
    10.6526 9.52042 2.21215
    10.6976 -0.423312 37.4422
    10.52 -2.50008 36.9162
    10.1636 -21.9802 61.259
    10.646 7.21217 1.16112
    10.6145 -10.512 63.9553
    10.441 -36.6342 32.438
    11.798 -75.429 71.753
    11.1917 -32.8247 3.46626
    10.7096 -16.1395 27.3867
    11.0095 -26.6696 21.4414
    10.6418 -52.9181 53.3431
    11.5149 2.40742 31.3954
    11.1547 -34.0445 2.49547
    10.9496 -16.8684 34.0457
    10.7649 -49.9571 48.1285
    10.9042 16.2612 13.6755
    10.7413 -29.5575 59.2595
    11.4377 -20.656 33.5974
    11.0476 13.1705 8.17002
    10.8425 -49.703 56.0899
    10.7541 20.8586 21.4438
    10.923 -10.5661 35.956
    10.7783 -57.9228 57.8395
    10.9969 -30.0916 -0.574341
    10.7135 -52.4687 55.2249
    10.9735 -25.227 3.01226
    10.8335 -42.7256 61.0049
    10.8435 -60.0078 55.62
    10.9126 -61.4386 59.9669
    10.9598 34.2046 48.7771
    10.8829 33.0322 44.2745
    11.2307 -72.5712 55.4306
    10.7921 -21.881 9.11157
    10.8865 8.21115 64.9484
    11.2268 -38.075 60.2702
    10.8302 -26.224 11.3119
    12.8465 -71.9268 66.3309
    10.8807 -50.1691 53.4458
    11.1966 -25.8382 15.2304
    11.2756 -70.5434 69.1226
    11.0974 -32.3264 58.9943
    10.9094 -15.9833 32.9152
    11.589 10.1886 5.16398
    10.972 -20.0154 14.3502
    11.0709 -71.2138 54.5116
    10.989 -49.7438 50.7366
    11.0286 -5.08952 37.8732
    11.1965 6.83241 4.58434
    10.865 -46.4402 59.4212
    11.1719 10.7383 10.2551
    10.9996 -15.5188 62.0441
    11.0939 -47.6757 57.4677
    11.0236 -60.836 57.6493
    11.093 33.4881 53.028
    10.9226 -0.67648 64.8316
    11.2145 -32.5069 -0.291821
    11.3237 9.52564 7.39753
    11.7742 -47.4437 44.4751
    11.1095 -28.5403 4.67879
    11.1503 -63.4215 56.1744
    11.2258 -26.6155 26.0553
    11.1184 -5.03356 64.2856
    11.2522 -31.5837 29.0667
    11.2802 11.5571 5.47262
    11.371 31.6971 55.6588
    11.2021 -22.9081 9.20677
    11.8179 -18.0565 34.9179
    11.4156 -2.25542 39.8928
    11.3462 -24.92 58.5602
    11.3067 -73.9233 58.3482
    11.8293 26.2199 58.7678
    11.2313 -72.3554 60.7086
    11.1771 -28.1675 0.121336
    11.5094 -21.1734 14.3016
    11.3845 -73.4964 57.056
    10.6175 -43.8328 37.3703
    11.3594 -26.4379 2.75639
    11.2838 -16.5278 26.0401
    11.3181 -71.8146 62.4648
    11.2568 -15.8864 30.0684
    11.0895 -37.3476 33.8258
    11.508 -2.04194 40.9079
    11.1838 -25.6261 11.1543
    11.3222 11.9493 13.9452
    12.1821 -67.0124 65.5218
    11.1775 -20.384 34.3613
    11.375 -48.518 54.4511
    11.0936 -27.1718 6.92143
    11.5366 -29.3131 57.7713
    11.2986 -26.1002 24.9814
    11.4445 -42.6963 59.3926
    11.1929 -24.4905 7.01625
    11.539 11.8938 21.2591
    11.5083 -33.2206 0.585996
    11.7349 -66.8223 56.5953
    11.434 10.7326 64.146
    11.4896 18.3663 28.8516
    11.8465 -44.1312 40.3546
    11.6191 -0.32585 41.5301
    11.2676 -0.644621 42.9428
    11.8268 -2.2296 41.2304
    11.5117 -65.0854 63.8566
    11.4438 27.9975 38.7213
    11.2705 -2.32177 38.6
    11.2684 -39.5665 35.7794
    11.6237 -71.7317 61.8858
    11.6245 8.45648 5.15712
    11.3409 -62.8666 58.3951
    11.5031 14.6128 12.6905
    11.8459 17.293 18.7249
    11.8211 18.667 30.9636
    11.3635 -25.0982 7.90269
    11.381 -26.3548 5.31322
    11.7282 10.8546 23.5605
    11.7416 20.4057 33.5444
    11.4334 -24.8658 11.3586
    12.1356 -66.0084 63.0034
    11.6582 32.6479 45.6564
    11.6004 -69.4234 55.9269
    11.8296 -8.83839 62.6616
    11.6334 30.4201 41.4984
    11.9536 -17.1432 25.3147
    11.6027 -27.4597 3.56191
    12.0123 -47.7737 47.2515
    12.0959 -43.4305 56.6366
    11.4062 18.4867 26.6206
    11.7347 -31.5028 0.712075
    11.5867 -71.7379 59.9829
    11.5931 12.5264 13.2732
    11.5452 6.18831 28.2035
    11.7482 -21.3239 58.6284
    12.3018 -71.8336 64.5215
    12.0363 -15.4916 36.1731
    11.661 -33.1586 2.01471
    11.8001 12.8257 17.2569
    11.5386 12.1799 11.2193
    11.4935 -28.3349 1.26828
    11.6576 -24.0087 12.3859
    11.5695 12.4069 9.91002
    11.9193 -25.8133 22.0472
    11.61 -12.4086 62.0788
    11.9073 -35.7286 58.7824
    11.6843 10.2661 6.76913
    12.1582 -65.3867 61.171
    11.9003 -23.0316 14.1452
    11.6938 -71.5964 57.3722
    11.6717 -0.260124 44.4807
    12.3144 -18.7277 22.2869
    11.8535 32.9236 49.5645
    12.322 17.8581 21.156
    12.022 -16.2265 33.085
    12.4495 -39.3696 38.0395
    12.3817 -21.7856 18.2584
    11.9717 -65.8394 58.2274
    12.0275 9.09325 25.9763
    12.0423 15.5089 16.3518
    12.1958 0.167597 34.5245
    12.4044 29.1983 56.0126
    12.5251 -19.4303 22.0707
    12.1393 -20.3605 36.7978
    12.4025 -45.2452 53.6999
    11.8303 -70.8109 58.9364
    11.4584 14.1968 63.5458
    12.9003 17.8253 59.8851
    11.9376 -16.1526 29.377
    12.0382 12.6586 62.8261
    12.0969 -21.0188 35.9885
    12.0973 -47.8526 49.8232
    12.2938 -77.415 73.6862
    11.7145 -30.8893 3.26676
    12.4067 -24.6572 20.7849
    12.0813 -16.3041 59.8179
    12.0772 -25.3606 25.1238
    12.2249 -68.246 58.3103
    11.9365 31.9008 53.6345
    11.8666 -69.4703 57.3795
    12.7304 17.187 23.8377
    11.8532 -0.785792 63.4401
    12.0952 -36.9784 35.0406
    12.3977 -37.3763 57.9812
    12.4332 3.58458 30.8535
    12.1878 -26.555 27.0815
    12.3114 -31.9451 30.552
    12.5772 -1.97057 44.5878
    12.27 23.5576 36.1992
    11.9369 -9.55177 38.8126
    12.012 -5.25759 62.9192
    12.3811 19.4147 33.1461
    12.4442 -71.9248 63.693
    12.1599 12.1332 22.6037
    12.2331 -31.7292 56.5883
    12.3475 -0.0432683 45.674
    12.9506 -19.556 38.4027
    12.1176 -70.9096 62.089
    12.2358 14.5013 17.0148
    12.3779 -17.3409 35.6958
    12.4374 -17.9088 24.8144
    12.2263 -2.68449 40.8694
    12.5919 -20.7135 20.6056
    12.3772 -71.3608 63.1081
    12.3606 6.95516 62.2997
    12.6548 13.5428 21.8525
    12.3095 -69.6978 67.7727
    12.5346 6.77841 28.5859
    12.5916 -1.55969 38.1066
    12.5722 -45.8587 51.5082
    12.5553 -26.1231 55.5479
    12.3202 27.2819 39.2401
    12.2322 -69.7103 59.9561
    12.3545 0.260197 46.4517
    12.3722 -0.25556 44.2674
    12.6782 1.93729 48.9258
    12.497 9.6682 62.125
    12.7189 -29.3732 29.1626
    12.6257 -8.00897 41.7122
    12.8835 -18.6112 37.3554
    12.7498 2.58914 50.2851
    12.5725 -39.9646 56.3268
    12.6412 -25.1456 26.4809
    12.5041 1.22205 48.2728
    12.4314 -66.7492 61.1152
    12.504 29.3586 41.9375
    12.6879 -1.82608 43.3845
    12.7154 20.5918 34.8175
    12.5567 31.2764 46.1987
    12.827 -24.4074 25.3691
    12.35 -12.0548 60.8727
    12.3082 -16.2464 31.4347
    12.5767 -29.6514 55.2575
    12.9405 -41.8164 42.0817
    12.5865 -68.8678 63.4778
    13.3354 -76.149 73.3113
    13.0937 -73.3533 69.6863
    13.1937 16.3811 30.1502
    12.4698 -67.0827 63.8152
    12.7808 31.1667 49.5186
    12.6136 -70.3595 63.2896
    12.8382 -23.6948 22.0324
    12.7395 -45.0528 46.3269
    12.64 30.1621 54.0935
    12.9831 -39.463 39.5664
    12.7413 -3.88679 61.6496
    12.948 9.28928 27.6851
    13.0629 -19.5267 37.1448
    12.8155 -16.6863 30.0337
    13.3741 -36.723 55.0707
    12.7485 -20.5239 38.4895
    13.0733 -22.4242 22.6436
    12.7973 -45.2693 49.1813
    12.877 -69.4925 66.5258
    13.6355 -76.3992 73.2497
    12.803 -15.977 37.7993
    13.0912 16.139 28.2049
    13.1675 -21.5632 37.1082
    12.9608 13.1113 24.2148
    12.9075 14.9521 21.3266
    12.995 16.5779 22.3625
    13.0485 11.733 60.6133
    13.2459 -72.4396 67.7986
    12.9416 -2.28723 40.9835
    13.0314 -22.1254 38.2438
    13.2571 15.4153 59.6617
    13.0963 -39.8485 53.9403
    12.9478 0.803187 48.3484
    13.0144 -0.18727 47.1524
    12.9446 -69.4027 65.1895
    13.258 25.6447 56.3577
    13.3103 -3.21222 47.1555
    13.2724 -14.206 40.1226
    12.9571 -9.68652 60.2616
    13.4415 10.8444 28.0736
    13.332 -41.2042 43.6545
    13.0089 0.348057 46.8639
    13.0936 1.88042 33.1991
    13.2362 -24.682 27.4375
    13.2 -7.21334 44.1756
    13.024 -31.5267 54.326
    12.9883 26.8867 40.1335
    13.0078 23.052 36.9247
    13.1305 -35.1143 55.865
    13.1439 21.0868 58.4853
    13.3477 -20.8825 25.5548
    13.5189 -70.9051 67.259
    13.3165 4.18457 31.3275
    13.0072 6.16672 60.554
    13.2747 -71.7028 64.4196
    13.0747 -16.8759 32.0009
    13.2035 -2.20799 42.6084
    13.8635 -74.454 70.7795
    13.4895 17.4752 33.0523
    13.1542 0.0296462 60.4963
    13.625 3.64112 53.3758
    13.3353 27.9139 42.3782
    13.328 27.9264 54.4706
    13.3369 14.763 25.5238
    13.3033 -18.7783 36.9832
    13.5045 -40.9976 48.8404
    13.5219 14.9977 27.9854
    13.5885 28.7808 50.8455
    13.1878 -23.2887 25.368
    13.034 -20.0308 56.0289
    13.6435 5.99549 54.9508
    13.449 -28.3013 52.0806
    13.2927 -31.7675 32.173
    13.1917 -17.4594 33.7934
    13.1906 -26.6776 53.5437
    13.4916 3.32518 50.5322
    13.7956 -23.0353 41.9046
    13.25 -1.82764 44.1248
    13.4833 -41.2987 46.4251
    13.3031 4.88775 52.6634
    13.4285 -40.572 51.0225
    13.5223 -17.3729 39.4812
    13.6049 -22.3469 26.9563
    13.4679 -6.36737 59.5324
    13.5826 -17.52 30.8306
    13.5365 28.8843 45.7791
    13.7679 -0.512077 46.2832
    13.3859 24.3579 38.6109
    13.4291 5.0525 58.9364
    13.778 1.62899 48.6842
    13.9053 -33.6038 52.6568
    13.606 -28.1059 29.9306
    13.6478 0.0412796 36.6751
    13.701 1.78875 52.0818
    13.4394 10.2014 59.3219
    13.8204 2.80428 33.3296
    13.7529 -23.3559 40.3095
    13.822 -4.28045 58.3614
    13.5964 -72.7832 67.5354
    13.9473 -28.7571 49.2604
    13.724 -72.3968 66.88
    14.1522 -20.2975 30.031
    13.8629 -24.1544 42.7197
    13.8789 -36.5587 39.3856
    13.7148 13.0134 28.3359
    13.7145 6.95005 54.3638
    13.3928 -12.1227 58.4166
    13.6627 5.59061 57.5233
    13.8147 14.5275 58.387
    13.7717 11.894 58.0906
    13.984 -25.2662 29.22
    13.8841 -18.0701 32.9108
    13.8216 19.6887 35.8822
    13.7376 -24.1758 41.9171
    14.0183 -30.4821 50.6328
    13.9926 -11.5005 44.7758
    13.6872 6.5634 56.7425
    13.7938 -21.3765 53.265
    13.8463 -20.5437 40.0075
    13.8195 24.5354 55.4897
    13.9617 15.1888 31.4961
    13.8496 -22.3496 40.0656
    13.8419 -1.28016 43.8018
    13.8918 0.884887 56.3434
    13.8613 -31.1118 33.0591
    14.1456 5.39243 32.4278
    13.9109 28.0708 47.7592
    13.907 24.6809 40.2161
    13.8771 -2.97236 50.7315
    13.742 -18.7356 34.8666
    13.8085 -28.0753 50.1911
    13.9436 10.0423 56.6194
    14.03 -73.9955 70.312
    13.9988 -75.1657 72.2661
    14.7229 18.6335 56.6253
    14.0479 -15.276 42.9787
    14.0041 -1.52347 53.3972
    13.9411 -1.0106 40.5705
    13.6733 -72.9921 70.104
    14.2808 -21.6384 39.311
    14.0665 26.2111 42.8439
    14.3368 -37.065 42.7357
    14.5178 24.4084 52.184
    14.2362 -5.8761 56.4298
    14.1689 -23.7305 42.9922
    13.9997 -18.6811 30.8014
    14.5967 -36.2498 50.0544
    14.3033 -26.4151 30.7739
    14.3317 1.1609 36.5902
    14.8051 19.3485 37.9192
    14.1042 -10.0429 56.6692
    14.2103 -24.2121 49.2373
    14.5571 -23.6763 30.737
    14.4805 -11.81 47.3626
    14.0235 -26.4629 45.6371
    14.7238 -36.4038 47.0057
    14.623 14.6693 33.8274
    14.3142 11.3208 56.2834
    14.4873 21.2323 56.2642
    14.4404 -16.0554 45.025
    14.2474 -26.4784 46.056
    14.2656 -30.093 33.6771
    14.4665 -18.4345 45.0641
    14.6688 4.69143 51.281
    14.1891 -19.9135 52.4096
    14.2668 7.96289 54.429
    14.2318 2.60774 49.6581
    14.5777 -8.42096 54.1269
    14.4294 17.0082 34.8395
    14.2132 -0.0958504 45.536
    14.4558 -21.1849 35.9261
    14.4405 2.10423 48.7295
    14.5329 11.1773 32.3256
    14.6466 -29.0013 47.0253
    14.4181 -20.0195 33.1875
    14.4737 14.0551 56.9242
    14.5582 25.1278 44.1319
    14.6811 -9.614 51.5702
    14.4705 25.9577 48.3695
    14.7561 -34.29 49.8924
    14.6149 -34.2348 40.7825
    14.4902 -11.4357 54.4239
    14.5994 23.2161 41.1544
    14.6938 -18.366 47.5132
    14.5614 0.135475 40.7304
    15.0523 16.4798 56.2695
    15.0209 21.532 53.448
    14.9459 -23.7576 40.7107
    14.6172 -19.3853 49.3036
    14.8787 3.91371 35.6195
    14.6984 -16.3669 51.2514
    14.6331 -22.8058 31.4912
    14.7714 5.73113 34.3174
    14.8947 2.19652 37.5897
    14.6297 -28.4789 34.3759
    14.7079 0.531716 43.6469
    14.9138 -24.2249 36.6559
    15.2355 13.1012 35.8987
    14.961 19.6101 55.7394
    15.0954 6.36932 52.0457
    14.9499 11.038 55.3877
    14.9544 -26.6891 37.3847
    14.8058 -14.9702 48.8024
    15.2143 6.79155 35.8941
    14.9941 23.5797 45.9374
    15.134 -24.7121 41.3629
    14.8038 -30.7352 39.0509
    15.3112 14.2057 55.6415
    15.1997 2.02737 40.6886
    15.0912 -33.1059 43.2786
    15.0792 -34.6393 46.5004
    15.3071 8.71591 53.2724
    15.2168 -27.4514 43.2174
    15.132 -33.2771 47.4787
    15.588 20.3928 50.2077
    15.2191 -26.8798 40.8829
    15.3858 2.77705 43.7772
    15.4584 17.9711 38.9334
    15.2325 -31.9801 44.9148
    15.0153 2.60234 46.9517
    15.8316 19.6121 45.4163
    15.5555 15.7596 54.7466
    15.6649 20.5251 48.0123
    15.5195 17.9178 53.7548
    15.4821 11.1173 54.1118
    15.5209 4.32257 39.401
    15.7555 16.0205 39.426
    15.7299 18.884 42.0308
    15.6257 6.45541 49.4543
    15.7978 13.3698 39.2901
    15.7651 6.78567 39.5501
    15.7798 12.848 53.2697
    15.8308 5.17168 43.2017
    15.8345 9.49383 51.1854
    16.0914 16.0153 49.7244
    16.0464 7.64069 42.3867
    15.9715 7.92664 48.072
    16.046 17.8776 47.5453
    16.1135 10.7291 49.6016
    16.1481 16.8215 44.5042
    16.092 13.6778 50.7846
    16.1005 14.8937 41.885
    16.2782 10.3409 46.8915
    16.2361 12.272 44.1104
    16.2742 14.1108 46.7849
