    -18.2314 -27.4595 2.90733
    -18.071 -27.4193 4.03048
    -18.0263 -27.0954 1.66535
    -18.0333 -25.9894 3.1337
    -17.99 -28.3829 2.69095
    -17.9201 -25.7763 1.77849
    -17.8003 -27.8941 1.37962
    -17.7907 -28.3411 3.93017
    -17.5355 -27.1074 0.627238
    -17.5832 -25.74 0.810919
    -17.6243 55.7572 3.87095
    -17.5999 55.7916 2.77318
    -17.3873 57.0048 2.70094
    -17.4665 56.7494 3.89679
    -17.4364 -25.3199 4.86255
    -17.4491 -24.0597 2.92067
    -17.4317 -26.6512 5.15099
    -17.3859 -24.0486 1.75379
    -17.3604 -29.0312 2.4646
    -17.0616 56.4699 1.84219
    -17.1855 56.8704 2.1104
    -17.2157 -28.4891 1.25599
    -17.1895 -28.9617 3.61266
    -17.137 56.7161 5.79559
    -16.9754 57.9478 5.78365
    -17.0023 -24.2849 0.587829
    -17.1388 55.327 2.37962
    -17.1123 -26.2608 0.169979
    -17.0727 -27.4443 5.11007
    -16.6182 -23.0239 5.8442
    -17.0164 55.2656 3.57054
    -16.9783 -27.7498 0.592331
    -16.9149 58.424 3.89608
    -16.5384 56.3365 1.26851
    -16.7429 -24.1385 6.19566
    -16.6009 -26.6924 0.146516
    -16.5836 56.1473 5.56807
    -16.5363 -27.9811 4.72731
    -16.5355 -25.1337 6.30254
    -16.5271 -29.0426 2.12361
    -16.4772 55.1083 2.10969
    -16.3267 -28.7311 1.15161
    -16.4413 -24.8577 -0.09382
    -16.4105 -28.9671 3.1388
    -16.4241 58.9008 6.67584
    -16.405 -31.4028 2.58742
    -16.3798 -31.157 1.08734
    -16.3753 57.5343 1.39329
    -16.3482 -29.4552 2.13922
    -16.1493 -28.2503 0.696199
    -16.308 59.7812 6.64671
    -16.2753 55.0766 3.19161
    -16.2734 56.7357 6.24644
    -16.2532 -18.0589 51.8025
    -16.2526 -25.7971 6.25226
    -16.2303 -29.1954 3.14425
    -16.2345 -19.1776 48.0981
    -16.2273 35.9918 53.2325
    -16.2214 -20.9449 51.7292
    -16.2022 33.4134 52.854
    -16.1841 -22.4627 3.23282
    -16.1822 -16.5531 48.2647
    -15.8385 56.3768 0.993529
    -16.1732 35.004 55.6299
    -16.1697 -23.1846 7.8877
    -15.9964 -22.6899 1.20261
    -16.1428 -30.9073 3.72716
    -16.1051 -21.8548 7.95648
    -16.0832 32.3325 55.3366
    -16.0548 -30.2719 0.215593
    -16.053 34.1503 57.5006
    -16.052 58.1532 6.85165
    -16.0508 34.46 50.2047
    -16.0465 -22.1125 47.951
    -15.872 -21.8697 5.29652
    -16.0169 36.9283 50.7116
    -15.9815 59.5913 8.09669
    -15.7754 -27.0716 0.352483
    -15.972 -15.6794 52.0215
    -15.9569 -23.4285 51.9114
    -15.9562 31.2693 57.1775
    -16.003 59.9769 3.82864
    -15.9493 -25.325 -0.115857
    -15.905 55.9162 5.28156
    -15.6969 55.5693 1.99119
    -15.8754 -14.0672 48.7293
    -15.8584 57.4043 0.995586
    -15.8562 31.824 49.2127
    -15.8557 59.8886 2.89876
    -15.8433 -19.304 55.5132
    -15.8357 -20.7103 11.7002
    -15.8303 -20.3357 13.6096
    -15.8294 38.2314 56.0532
    -15.8294 39.2926 53.7009
    -15.8281 32.8833 59.77
    -15.8279 -26.2797 5.91469
    -15.827 -17.0422 40.4299
    -15.8232 -16.7969 55.1293
    -15.8184 56.6123 5.96748
    -15.8082 -17.0559 38.9171
    -15.8077 -20.9694 45.1852
    -15.8022 -14.4791 36.843
    -15.8003 -31.9932 0.971733
    -15.797 -17.4773 42.4211
    -15.6352 55.4875 2.9854
    -15.7839 -32.2274 2.64982
    -15.7813 -21.1146 9.95067
    -15.7711 38.761 45.7953
    -15.7579 -23.8085 55.9364
    -15.7552 -17.2909 37.0656
    -15.7501 -18.0478 44.7342
    -15.6261 60.8449 6.15587
    -15.7339 57.917 6.8856
    -15.7101 -22.3494 13.3707
    -15.7078 -22.8101 10.0685
    -15.7006 -17.8461 22.6586
    -15.5652 39.9243 43.0401
    -15.59 -19.2546 40.8596
    -15.6704 57.3924 20.8317
    -15.6686 -24.5697 7.53374
    -15.6603 -14.6192 44.4047
    -15.6518 30.2518 51.9979
    -15.6445 -13.9678 38.15
    -15.6387 37.9408 58.0042
    -15.6362 53.5022 2.5547
    -15.6056 56.0845 4.48362
    -15.6043 33.8843 45.3262
    -15.6006 53.5729 1.31136
    -15.5897 -20.4487 59.0105
    -15.5892 -17.6201 57.861
    -15.3478 56.1209 1.45174
    -15.5863 -13.9215 41.7972
    -15.5831 -19.5089 16.868
    -15.5784 59.6603 2.18674
    -15.0223 -27.8226 5.67196
    -15.5602 60.1022 9.98109
    -15.5516 29.1138 54.6353
    -15.5358 -23.0349 59.1365
    -15.5333 60.9705 10.1449
    -15.5269 -13.8158 39.5781
    -15.5202 -28.8659 -0.363473
    -15.5184 -25.864 51.6773
    -15.51 -31.0694 -0.006525
    -15.4651 -31.6794 3.97453
    -15.5075 -16.3588 27.3645
    -15.4963 55.7772 22.3243
    -15.4921 -13.2229 52.1613
    -15.488 59.0868 7.95624
    -15.4768 55.8735 4.25524
    -15.4759 -18.1116 27.2842
    -15.467 -19.1595 38.9864
    -15.4573 38.3853 41.7232
    -15.4478 30.0287 59.4501
    -15.4339 41.1243 50.8977
    -15.4328 -14.0002 54.994
    -15.4253 28.709 56.754
    -15.4175 -24.8594 47.7601
    -15.3958 45.4106 51.0011
    -15.3885 54.3163 0.918288
    -15.3882 -15.3352 32.7603
    -15.1531 61.6478 9.83837
    -15.3644 40.2764 56.6618
    -15.3711 -22.9767 0.350008
    -15.3672 -17.7021 32.4426
    -15.351 -26.2916 55.7782
    -15.3479 -27.146 5.54132
    -15.3358 45.7634 53.5414
    -15.3201 -18.9781 36.7781
    -15.3083 37.9805 60.3553
    -15.3071 -20.2172 8.04406
    -15.2989 -21.3515 16.7815
    -15.2973 43.0473 50.9694
    -15.2963 40.8983 53.9847
    -15.2243 -14.3194 58.3955
    -15.279 43.1224 53.8552
    -15.2571 31.8506 61.6557
    -15.2559 42.3562 46.3913
    -15.2559 54.2088 23.7059
    -15.2371 54.559 5.15745
    -15.2285 42.1968 37.6881
    -15.0225 -15.2285 61.2791
    -15.0809 -18.5016 61.9042
    -15.1914 -11.407 35.7491
    -15.1859 57.2417 0.898781
    -15.1674 42.3855 56.8255
    -15.1798 56.6801 5.35276
    -15.0344 -24.2642 -0.0547616
    -14.6776 -25.1349 -0.105955
    -15.1554 -15.9209 22.3201
    -15.1539 59.5287 9.65922
    -15.1358 -12.1288 49.0591
    -15.1223 -18.1111 13.0216
    -15.1141 -17.5465 16.8901
    -15.0922 60.1804 13.3049
    -15.0883 51.7353 25.7207
    -15.0869 28.4751 58.9778
    -15.0825 -26.1333 57.7655
    -14.9848 45.2644 57.626
    -15.0453 -19.213 9.78471
    -15.0398 -14.469 27.2914
    -15.037 -19.8847 22.5031
    -15.0347 55.2383 0.566916
    -14.8887 -22.2566 61.9029
    -15.0237 60.387 17.3729
    -15.0176 28.906 61.2519
    -15.013 48.2355 50.9038
    -14.9876 44.8768 32.3768
    -14.9838 -29.5399 -0.649581
    -14.9221 57.4433 5.96916
    -14.9718 40.6003 60.3845
    -14.9693 55.1252 5.88921
    -14.9679 61.2877 13.5855
    -14.9667 48.8175 53.1366
    -14.9626 -10.7756 37.0145
    -14.9486 59.2029 21.2762
    -14.9435 40.3931 37.4631
    -14.9428 48.4903 28.4332
    -14.9353 -32.3857 1.0046
    -14.9062 -12.5043 58.1626
    -14.905 -24.2436 9.94023
    -14.9028 42.5306 42.3821
    -14.8964 38.6104 62.3555
    -14.8957 -12.7881 32.7616
    -14.8448 57.4336 23.2559
    -14.8876 -32.5823 2.58592
    -14.7624 57.267 1.17761
    -14.866 58.6998 7.68168
    -14.8594 -23.8916 12.053
    -14.8525 58.8803 16.6187
    -14.8353 -19.5871 26.846
    -14.8337 -23.2991 13.8596
    -14.8306 45.7639 46.4527
    -14.8298 -24.0668 45.0535
    -14.8289 59.2765 1.58226
    -14.8094 52.9145 2.6832
    -14.8064 -27.0523 -0.607309
    -14.7724 -11.9861 43.8899
    -14.6621 -11.5616 61.012
    -14.7457 -31.5637 0.109878
    -14.735 32.0881 44.8061
    -14.7343 53.0115 1.24577
    -14.7329 -28.3937 50.9935
    -14.7158 -11.8209 55.4611
    -14.7135 -25.7732 7.41694
    -14.7084 59.6277 13.0791
    -14.7048 30.2332 63.4506
    -14.7001 -10.8331 38.2627
    -14.6843 44.0277 37.4419
    -14.6775 61.0702 17.6889
    -14.6752 -11.2477 40.8271
    -14.6598 -32.0759 3.84405
    -14.6652 48.325 56.6634
    -14.6747 -26.0098 60.0918
    -14.6448 44.3811 60.7439
    -14.6307 -28.9061 55.1915
    -14.6153 29.6631 48.4973
    -14.605 -21.5148 3.21929
    -14.557 -21.9426 1.06528
    -14.5804 -19.3093 32.0991
    -14.5684 -21.0454 4.73828
    -14.5677 58.3185 7.19132
    -14.5482 55.9288 20.0419
    -14.5368 25.9 61.0712
    -14.5227 -27.1237 47.2231
    -14.5107 27.8295 51.0484
    -14.5107 53.6953 0.699564
    -14.5038 58.3409 16.2641
    -14.5019 -10.6066 59.1698
    -14.5012 46.9455 32.5348
    -14.4912 62.0814 13.7801
    -14.4819 26.4349 54.0198
    -14.4792 54.3405 21.7603
    -14.4775 54.2429 26.1728
    -14.4752 -28.2232 5.96064
    -14.4609 -20.6041 38.6172
    -14.4556 26.1733 56.2639
    -14.4408 -22.3125 42.1497
    -14.4338 -21.2183 40.4448
    -14.4261 56.6606 6.44931
    -14.42 59.0546 9.10961
    -14.4185 52.8652 23.2026
    -14.4036 -20.3466 6.25915
    -14.4031 -12.4544 63.4513
    -14.3988 51.2015 28.7456
    -14.3966 54.0981 5.25133
    -14.3807 36.8903 64.5447
    -14.3783 -25.627 45.0031
    -14.3702 -22.5105 16.8525
    -14.3688 43.8971 42.3016
    -14.3636 50.2837 25.285
    -14.3607 60.0722 21.5035
    -14.2461 58.4161 1.41753
    -14.3249 26.0011 63.6235
    -14.3206 -30.0545 -0.507343
    -14.319 6.49127 58.3407
    -14.3166 -15.9242 64.9095
    -14.3116 61.6208 3.09039
    -14.3051 -27.6631 -0.89383
    -14.3037 61.5123 17.8842
    -14.2859 62.2229 6.25102
    -14.2956 46.134 60.8152
    -14.2844 59.0227 22.7985
    -14.2773 43.3299 32.1308
    -14.2693 46.8641 28.115
    -14.2673 3.31232 54.3231
    -14.2663 43.3055 62.8039
    -14.2624 7.10086 54.5853
    -14.2398 -21.5511 64.5157
    -14.2388 -8.20667 60.07
    -14.2388 2.68492 57.2692
    -14.2385 -11.3627 52.5583
    -14.2247 56.8549 0.734921
    -14.222 25.8992 58.3726
    -14.1874 -16.624 13.8597
    -14.1854 54.8262 0.289913
    -14.1695 -15.9401 66.5673
    -14.1622 35.0291 40.5864
    -14.1406 -16.3264 17.1245
    -14.1276 54.7477 6.01576
    -14.122 -17.1264 11.8359
    -14.12 10.2418 54.9323
    -14.1147 61.266 1.97826
    -14.1086 59.2821 12.8191
    -14.1053 -22.1529 0.422968
    -13.803 21.213 62.8647
    -14.1003 -29.7191 57.6969
    -13.9844 -18.26 9.60513
    -14.083 62.6208 10.0867
    -14.0825 -2.52569 59.2333
    -14.0815 -9.68129 56.8069
    -14.0808 1.60934 59.8868
    -14.0776 -48.1413 74.6338
    -13.8967 -25.7216 -0.509
    -14.074 9.4961 59.2616
    -14.0705 57.8089 24.2494
    -14.0679 -14.7429 22.6385
    -14.0554 62.5052 13.8816
    -14.0963 -23.2169 -0.184455
    -14.0506 -6.31546 63.3701
    -13.8518 -31.8052 2.09779
    -14.0245 -4.3623 61.5211
    -13.8385 -31.5748 0.994904
    -13.9993 4.99043 60.9583
    -13.9898 -1.45597 56.189
    -13.9537 -31.6128 3.21919
    -13.9832 0.77151 60.9156
    -13.9706 -1.29308 54.1137
    -13.9506 -9.33834 65.0904
    -13.9479 -7.36916 57.7885
    -13.5135 57.569 7.70653
    -13.9155 23.5954 64.0699
    -13.8882 -9.78451 55.0806
    -13.6814 -31.016 0.464223
    -13.8743 -21.4808 65.8997
    -13.8693 -13.0328 27.5901
    -13.8296 -48.7329 72.2632
    -13.824 52.7124 2.73124
    -13.8126 56.3256 6.66657
    -13.5627 -26.3193 64.004
    -13.7988 -21.1446 26.4842
    -13.7938 7.99503 62.125
    -13.7885 -7.19816 55.2611
    -13.7852 -10.3889 44.4286
    -13.779 -21.3294 22.7404
    -13.7743 6.84142 50.6243
    -13.7613 -28.25 -0.753366
    -13.7572 -9.93421 53.0249
    -13.754 3.1114 50.5324
    -13.7674 -31.621 3.19696
    -13.5213 56.0647 26.3377
    -13.7216 58.2463 9.07303
    -13.7162 52.7901 1.38524
    -13.6984 -1.14654 62.9848
    -13.6965 -15.4351 67.9777
    -13.6932 -28.6253 5.90475
    -13.5133 -24.4062 -0.384235
    -13.6709 3.8951 62.3821
    -13.666 49.4881 46.2133
    -13.5414 -29.6943 -0.0583899
    -13.5325 52.9676 28.6464
    -13.6404 -30.1059 59.3253
    -13.6355 21.5723 64.6359
    -13.6307 46.194 27.8916
    -13.6277 13.2052 55.277
    -13.6233 53.923 21.5342
    -13.6224 55.1142 20.0261
    -13.6197 51.2654 50.4029
    -13.608 52.6794 22.9275
    -13.5963 22.8271 60.6937
    -13.5892 51.6151 52.9264
    -13.5849 -6.99276 53.358
    -13.5833 -10.9193 32.7977
    -13.5755 -12.6821 66.4527
    -13.5743 49.8311 25.2182
    -13.5646 -31.2758 49.2048
    -13.5346 53.2498 0.854647
    -13.5221 47.6597 41.9797
    -13.5117 56.4682 0.359163
    -13.5078 48.8312 32.5392
    -13.5 -32.7328 52.1742
    -13.486 12.1268 59.5423
    -13.4917 -3.25648 64.91
    -13.4892 -29.5464 46.6813
    -13.4656 50.3866 46.4803
    -13.4645 -22.0386 39.7045
    -13.4482 -21.5955 67.1498
    -13.4595 51.4098 56.535
    -13.4558 -1.41992 50.6659
    -13.4444 60.862 1.36842
    -13.4422 53.9693 5.10624
    -13.4375 57.4858 15.9917
    -13.4299 -27.9701 44.5853
    -13.2088 -22.6278 -0.050226
    -13.4175 -9.40584 35.0371
    -13.4136 58.5513 12.6136
    -13.399 9.84601 50.8287
    -13.3756 -24.4469 41.4996
    -13.3705 -6.10088 66.608
    -13.3313 -29.92 -0.034134
    -13.3493 6.65049 63.6927
    -13.3409 -26.4422 7.64476
    -13.3178 46.9038 37.389
    -13.3144 -49.2969 76.4626
    -13.3111 -28.6201 5.70159
    -13.3093 37.8547 36.6857
    -13.2795 42.779 66.2874
    -13.2712 54.4578 0.431096
    -13.2705 47.0199 63.5371
    -12.941 -25.6965 -0.506205
    -12.9371 -30.5418 61.6395
    -13.24 -10.2629 49.8354
    -13.2364 10.4571 62.9497
    -13.235 -8.91183 36.4012
    -13.2295 61.9675 21.9124
    -13.2276 -20.7474 31.607
    -13.2273 42.1287 31.7126
    -13.2195 54.6046 5.79362
    -13.2181 49.6227 60.9695
    -13.2131 -32.2312 3.73608
    -13.2076 60.9534 24.1977
    -13.1998 60.2907 25.1423
    -13.1959 2.66688 47.7863
    -13.1842 61.4633 23.3045
    -13.1756 62.4089 18.2731
    -13.1712 -24.4036 12.3195
    -13.1705 1.49376 64.4086
    -13.1684 -25.0025 10.1306
    -13.1652 -17.3056 69.5549
    -13.1477 -23.5413 14.1093
    -13.1425 53.9042 2.7488
    -13.1379 25.9324 50.2188
    -13.0986 53.9904 1.46301
    -13.1335 -49.8343 73.9828
    -13.1323 -32.6281 2.39841
    -13.1301 5.86972 47.2881
    -13.1222 56.1924 6.51759
    -13.1089 -8.65639 37.5703
    -12.708 58.1134 0.859228
    -13.1023 49.659 41.8741
    -12.957 54.9479 4.72714
    -13.0945 20.4957 60.7791
    -13.0868 59.5901 0.846734
    -13.0813 -26.3762 65.4893
    -13.074 28.3866 47.7134
    -13.0713 -9.60603 40.8695
    -13.0686 -33.2632 54.3812
    -13.0645 -46.7831 73.557
    -13.0569 50.0304 32.5438
    -13.0421 -30.849 4.69566
    -13.0412 -21.0431 34.8302
    -13.0313 -22.0995 0.769821
    -13.0237 57.476 7.51416
    -13.0181 -1.65252 48.7682
    -12.9991 -6.71862 50.3934
    -12.995 54.1739 28.9521
    -12.9903 -47.5398 71.1798
    -12.9778 -16.4599 14.2384
    -12.9483 -9.41579 50.2557
    -12.9335 48.2291 37.2997
    -12.9246 -32.3705 0.786159
    -12.9186 13.0223 51.3617
    -12.9068 -17.0635 12.1634
    -12.9062 53.9335 2.78488
    -12.903 63.0546 14.1198
    -12.8926 57.8486 9.00817
    -12.8757 8.88504 64.9241
    -12.8521 53.9643 1.49716
    -12.8655 -27.385 -0.2753
    -12.8572 -22.7663 17.0547
    -12.837 30.471 44.085
    -12.8359 -20.8682 4.7656
    -12.8057 -21.5086 2.92064
    -12.6722 55.2136 1.07849
    -12.8145 58.1909 27.1579
    -12.717 55.0666 4.94908
    -12.8026 -20.2021 6.2879
    -12.7987 17.1776 61.1748
    -12.791 -18.1841 10.0021
    -12.7787 -1.07095 66.3245
    -12.7777 -18.8727 70.8689
    -12.7709 56.0044 0.399885
    -12.7682 -31.6535 -0.07698
    -12.7577 -16.0872 17.535
    -12.7555 49.7053 37.2717
    -12.7526 16.4692 63.8519
    -12.7314 -4.33913 67.6863
    -12.7255 -26.5386 66.5856
    -12.7241 14.9425 61.009
    -12.7116 -28.6168 5.96268
    -12.7116 51.4819 32.5716
    -12.7113 -19.0997 8.19718
    -12.7033 -22.7222 69.7185
    -12.676 12.9542 63.5274
    -12.6729 58.1851 12.527
    -12.669 -33.5773 55.6445
    -12.6019 16.0703 59.0849
    -12.6007 56.0259 29.3432
    -12.5946 -30.4305 -0.543313
    -12.5768 3.64175 65.7929
    -12.576 35.3139 67.8853
    -12.5695 57.0064 15.8827
    -12.5198 56.3322 5.79772
    -12.5275 54.9623 19.7401
    -12.5253 60.3792 0.873178
    -12.5231 8.72094 47.0567
    -12.5224 53.7775 21.2845
    -12.5126 -7.49881 67.7978
    -12.5073 52.339 22.829
    -12.4865 -12.9908 27.7927
    -12.4812 52.5351 2.79976
    -12.3911 56.3021 0.984038
    -12.459 11.4654 65.6985
    -12.4571 -26.3608 7.91566
    -12.4563 -30.6763 62.7505
    -12.4551 53.9208 5.26888
    -12.3597 -25.866 -0.370557
    -12.4483 54.6894 5.8958
    -12.4238 -21.9598 22.8412
    -12.4236 22.789 58.5572
    -12.4051 18.0483 58.9629
    -12.4019 52.41 1.41889
    -12.4011 -28.9721 -0.526581
    -12.3988 53.4417 32.6926
    -12.391 63.3377 10.2005
    -12.3856 -49.8102 71.2369
    -12.3827 23.8254 53.351
    -12.3806 -14.3065 22.871
    -12.3286 58.7449 0.750152
    -12.3766 49.3391 25.411
    -12.3754 16.6421 55.5984
    -12.375 -32.1516 4.05453
    -12.3574 -30.7973 5.03239
    -12.2754 57.3763 7.15447
    -12.3559 57.8898 8.9477
    -12.3429 20.4328 58.8456
    -12.263 -12.9696 70.836
    -12.2566 51.8099 37.4728
    -12.2532 52.8335 0.738578
    -12.2439 -9.4571 46.11
    -12.2393 63.1619 7.89918
    -12.2371 -26.7807 67.8295
    -12.2293 -49.0989 80.1258
    -12.2164 16.2841 66.0584
    -12.1988 -32.5477 2.61688
    -12.1815 1.62617 44.828
    -11.9268 -33.9295 57.7363
    -12.1557 16.1388 51.9342
    -12.151 52.6226 46.2296
    -12.1505 44.9141 27.739
    -12.146 -28.5755 6.24698
    -12.1352 4.49568 44.0626
    -12.0965 62.8763 5.97196
    -12.1164 44.9107 67.7429
    -12.1164 51.6734 41.7317
    -12.1154 -10.4859 69.1445
    -12.1142 -2.28458 45.9425
    -12.1064 -18.97 72.0518
    -12.0891 -21.7817 26.5614
    -12.079 -27.5125 -0.261876
    -12.0606 22.9336 56.0671
    -12.0469 57.4819 1.20261
    -12.0448 -11.1333 32.8183
    -12.0374 33.8423 39.2187
    -12.033 18.2307 55.8442
    -12.0306 53.7506 49.5517
    -12.023 11.547 47.3983
    -12.0025 -30.7277 63.7966
    -11.9849 -32.3255 0.885104
    -11.9696 0.4216 67.5168
    -11.966 25.175 49.4929
    -11.8183 62.1611 2.42273
    -11.9647 53.9847 0.310883
    -11.9643 42.0024 68.9884
    -11.9582 56.558 6.60439
    -11.9547 21.7613 50.0813
    -11.9455 57.099 15.9491
    -11.9435 -22.948 71.2181
    -11.9318 -15.7333 72.0464
    -11.9222 -21.8024 36.9384
    -11.9204 -8.85919 46.7787
    -11.9022 -23.5317 38.037
    -11.8902 -26.7581 40.1172
    -11.887 58.069 12.5634
    -11.8833 19.6569 55.8925
    -11.8794 28.966 67.8958
    -11.8748 20.9034 55.9854
    -11.8738 62.011 22.2399
    -11.8623 -31.6011 -0.073365
    -11.8599 53.9494 52.7792
    -11.854 61.7681 1.54301
    -11.8497 -6.6636 46.976
    -11.7986 18.245 52.2404
    -11.8318 -47.4405 78.5879
    -11.8048 15.1703 48.7829
    -11.7799 48.819 65.0633
    -11.7777 -30.3996 -0.59043
    -11.7767 55.9559 0.63641
    -11.7509 -50.1425 77.93
    -11.7316 -48.6773 70.0425
    -11.7315 -29.0057 -0.563025
    -11.7307 40.8088 31.3212
    -11.715 -50.7941 72.5965
    -11.7065 21.7052 52.668
    -11.6941 58.0293 9.04109
    -11.6792 36.8069 35.8774
    -11.6492 61.6885 23.8383
    -11.6659 -30.4827 4.98779
    -11.3692 -23.4886 0.0334954
    -11.6192 53.342 57.1671
    -11.6426 -17.8534 13.7127
    -11.6011 -31.6781 4.09692
    -11.5973 -35.2454 48.4327
    -11.5943 21.7527 49.0228
    -11.5914 19.0441 49.7668
    -11.589 25.0753 48.578
    -11.5851 -30.7334 43.2584
    -11.5675 17.0022 49.2579
    -11.5598 -23.5271 12.6014
    -11.5514 6.13209 67.5029
    -11.1884 60.7592 0.975324
    -11.5429 -19.2727 10.2949
    -11.5427 7.2579 43.5847
    -11.5356 -27.2335 69.5544
    -11.5309 54.7799 6.28545
    -11.5253 51.787 61.4001
    -11.5227 18.9174 48.7243
    -11.5184 -22.7301 14.5309
    -11.3971 -26.2468 -0.270393
    -11.511 -30.8375 65.1087
    -11.5095 60.0429 25.8651
    -11.506 -33.5285 45.9409
    -11.5025 -28.2939 6.2621
    -11.4966 10.9357 67.7848
    -11.4866 -36.0147 51.4953
    -11.4768 54.0318 5.62172
    -11.4661 25.7836 67.8785
    -11.4597 62.692 18.5665
    -11.452 -17.1405 17.8365
    -11.4426 -24.3822 10.4554
    -11.439 14.6194 47.1187
    -11.4306 -9.65367 35.2085
    -11.4217 -25.9063 8.33302
    -11.4039 56.4426 6.86945
    -11.4008 -31.9974 2.76785
    -11.3742 -46.3767 70.1276
    -11.3729 -27.5795 -0.12109
    -11.1759 -22.7701 0.873799
    -11.3642 16.5519 47.906
    -11.3544 -13.0795 27.9973
    -11.35 -3.62931 68.8494
    -11.3449 52.6207 3.13504
    -11.3432 -19.971 8.36601
    -11.3263 -29.8482 4.55663
    -11.3008 58.4189 27.1489
    -11.2914 -21.7579 17.4948
    -11.2442 -30.8874 3.48625
    -11.0765 58.4359 0.807848
    -11.2521 -20.9153 6.45981
    -10.845 57.3629 1.09661
    -11.2325 -34.1283 59.4687
    -11.1995 -31.8353 1.14623
    -11.1868 -21.5867 31.0223
    -11.1731 -21.4815 4.89518
    -10.9951 -8.96432 37.9624
    -11.1537 -50.4105 75.4919
    -11.1515 52.4834 1.59153
    -11.1474 28.0092 47.2481
    -11.109 -30.5665 3.78808
    -11.134 -29.0513 -0.192262
    -11.1247 9.45855 43.6461
    -11.0759 -21.9352 3.45859
    -11.1029 -31.2349 0.281018
    -11.093 -15.6112 23.1532
    -11.0876 -45.3111 72.3629
    -11.0839 -30.2423 -0.192628
    -11.0733 -28.0244 6.14775
    -11.0609 -8.61942 42.6015
    -11.0547 -36.4775 53.3241
    -11.0516 57.8883 12.609
    -11.0484 -50.1381 80.592
    -11.0342 63.4715 14.5819
    -11.0172 57.3851 16.1793
    -11.0125 52.9457 0.849038
    -11.0091 22.0002 68.1862
    -11.0011 56.4543 29.4107
    -10.9933 -45.8997 77.4014
    -10.9874 55.1156 20.0885
    -10.9596 -31.2571 66.9441
    -10.9477 54.0174 21.5133
    -10.9455 57.6796 7.72191
    -10.9434 -25.7359 8.40485
    -10.9401 54.014 0.335267
    -10.8681 -30.5983 1.1626
    -10.9209 -52.3485 87.1962
    -10.9162 -30.7111 2.72974
    -10.9067 58.1363 9.00354
    -10.8999 -10.3951 72.2444
    -10.8921 55.7974 0.679082
    -10.8897 16.4707 68.0294
    -10.8833 52.6341 23.1143
    -10.8428 -54.27 89.6904
    -10.7103 -29.4628 0.692952
    -10.8033 -34.2573 60.681
    -10.7982 -22.7373 73.1337
    -10.7949 -7.99485 43.3383
    -10.7819 -47.3954 68.9935
    -10.7789 56.4702 6.86164
    -10.7582 -11.9572 33.0511
    -10.7482 -7.24156 70.6553
    -10.6608 -30.4461 1.30524
    -10.7065 -20.6948 23.0263
    -10.6937 -27.8358 0.135554
    -10.6806 -21.5995 14.7616
    -10.6755 -27.744 6.49086
    -10.6716 -20.5481 17.8092
    -10.6624 -13.8289 73.1932
    -10.5851 -24.6836 -0.0305748
    -10.6451 -52.6704 87.2674
    -10.6293 -7.12674 43.8174
    -10.6226 49.6546 25.4888
    -10.6144 16.0983 47.0055
    -10.6131 -18.5207 17.9822
    -10.61 -19.6546 14.1921
    -10.6029 -14.2689 28.1368
    -10.591 -29.5803 5.19863
    -10.5841 -36.6908 54.8852
    -10.5819 -0.088026 42.2087
    -10.5892 30.0681 44.4943
    -10.5734 -51.1291 84.7441
    -10.5726 -23.0059 10.766
    -10.5695 21.7691 48.8506
    -10.5688 55.0281 6.40493
    -10.5678 18.8227 47.9918
    -10.5627 -18.1951 73.5494
    -10.5216 -54.4712 89.5545
    -9.9384 58.7171 0.937084
    -10.5224 63.5527 10.6202
    -10.5147 -30.7199 4.20979
    -10.4531 55.7571 5.57739
    -10.5056 54.3883 5.77534
    -10.5023 -21.1011 10.3644
    -10.4902 57.7357 7.36322
    -10.4859 54.9618 32.678
    -10.4832 -34.4534 62.1904
    -9.95871 -27.364 0.244981
    -10.4673 -32.3976 68.8655
    -10.4537 60.5738 22.4035
    -10.4454 2.92413 41.4394
    -10.4405 45.4562 27.9714
    -10.4056 -28.1533 72.1944
    -10.3602 56.7361 6.23077
    -10.3972 -21.6274 33.7132
    -10.3917 13.7577 45.6463
    -10.3862 -19.9044 27.0775
    -10.3827 40.8013 31.3961
    -10.3638 55.1072 4.64788
    -10.3703 1.93633 69.1208
    -10.3659 58.4063 9.48975
    -10.1934 58.4841 25.0627
    -10.3318 -30.9714 3.02638
    -10.1141 -52.4937 87.5104
    -10.2874 -17.0357 23.4146
    -10.2847 -3.60462 43.2254
    -10.2701 -51.2774 73.825
    -10.2588 -19.5045 23.2243
    -10.2579 -49.4727 82.3684
    -10.251 -23.5196 0.608763
    -10.2457 53.0042 3.37205
    -10.2442 63.3145 8.36053
    -10.0308 -10.3272 37.5073
    -10.0512 60.2223 1.00994
    -10.2135 -34.9335 70.7706
    -10.2096 -34.885 64.1126
    -10.2031 -21.3759 8.47891
    -9.94484 -29.3376 0.242566
    -10.1815 61.3501 18.4048
    -10.1681 33.6992 39.2021
    -10.161 -24.5268 8.52219
    -10.1581 -49.2169 88.0535
    -10.1552 5.73439 41.2199
    -10.1401 -35.8274 65.8885
    -10.1281 36.4312 35.666
    -10.1087 -30.7981 1.6808
    -10.1055 54.4509 45.7468
    -10.0894 55.5753 1.0207
    -10.086 41.6527 70.5527
    -10.0803 -37.6689 67.6678
    -10.0637 -22.2045 6.68086
    -10.056 58.8808 13.1715
    -10.0178 62.9581 6.58094
    -10.0508 58.3038 16.9398
    -10.0477 -36.8728 56.2188
    -10.0343 34.7996 70.8694
    -9.96332 54.7391 3.27606
    -10.0269 13.5746 45.3467
    -10.0192 -22.6752 8.61301
    -10.0148 -27.0496 6.57276
    -10.0035 53.7053 37.3397
    -10.0024 -30.406 0.896302
    -9.98811 -27.35 39.7126
    -9.97744 61.6271 1.61616
    -9.94596 56.8779 1.415
    -9.97257 54.0849 0.667865
    -9.95939 55.3198 6.04078
    -9.9672 52.8599 1.82586
    -9.95891 -51.7631 90.5156
    -9.95721 -38.1739 72.5863
    -9.95694 -29.2324 5.32112
    -9.94136 58.188 8.05744
    -9.94077 -23.1404 36.8319
    -9.93965 24.8205 48.8419
    -9.67094 56.5787 26.4993
    -9.92039 -40.3675 69.2588
    -9.9173 -21.891 35.6067
    -9.91185 -49.6529 82.8046
    -9.91063 15.8347 46.8173
    -9.89007 -22.6131 5.04787
    -9.88991 53.4534 41.5257
    -9.88357 -30.5291 4.38258
    -9.87632 -23.3018 1.51581
    -9.87259 -32.5865 74.1768
    -9.85389 -13.3847 33.3169
    -9.85309 -44.5437 76.3168
    -9.85065 53.2688 1.18188
    -9.73677 62.1092 2.72917
    -9.83919 -37.9457 49.0089
    -9.82968 56.9291 6.97064
    -9.33183 -55.9326 93.1017
    -9.73592 55.7161 1.45444
    -9.80871 61.9546 14.5331
    -9.80725 54.7816 49.0121
    -9.70061 54.7894 1.90128
    -9.77725 -49.7775 83.2272
    -9.69744 -23.0237 2.97301
    -9.76149 -24.5174 0.555895
    -9.76116 59.2151 9.88892
    -9.75905 -15.6119 28.3173
    -9.75604 -50.5417 82.5896
    -9.75067 -41.9346 67.5125
    -9.36242 -54.4272 89.7763
    -9.73775 8.18766 41.265
    -9.6616 -25.9962 0.481927
    -9.72678 58.9232 21.988
    -9.72028 -18.2135 27.5458
    -9.71533 -30.8629 3.25881
    -9.69605 18.7471 47.5254
    -9.68825 57.1417 21.2921
    -9.68215 -38.1861 50.1537
    -9.67972 -51.0533 79.0968
    -9.6746 -51.0464 76.9308
    -9.67386 57.9886 23.7795
    -9.66606 -51.52 84.9317
    -9.66185 -23.9705 6.71419
    -9.64363 45.5798 69.1474
    -9.4645 54.7817 1.79916
    -9.61998 -26.1861 6.33936
    -9.61559 -36.3607 46.2438
    -9.60876 56.972 25.4774
    -9.58925 59.6347 17.931
    -9.58175 -29.3361 0.332965
    -9.57584 -48.2186 85.769
    -9.12937 -56.0486 92.9287
    -9.39085 54.1442 24.0605
    -9.55219 -54.4439 92.5182
    -9.54865 -18.9949 31.8338
    -9.53951 -37.0566 57.7869
    -9.52805 -42.7422 66.7431
    -9.44135 -11.1343 37.6714
    -9.51659 54.3639 3.59468
    -9.51488 -49.6763 69.3193
    -9.41579 -29.9776 4.30392
    -9.49449 -30.6397 1.82794
    -9.48977 -34.3539 44.5152
    -9.30502 62.3389 9.42992
    -9.4783 21.8512 48.4598
    -9.46904 60.3697 13.9269
    -9.45741 -31.4383 42.43
    -9.43953 54.815 53.0367
    -9.42027 -50.8423 70.3342
    -9.41984 -30.1717 0.930881
    -9.36882 55.8038 1.0385
    -9.36419 -40.3494 65.2243
    -9.35053 56.3763 23.2418
    -9.34078 -51.1774 81.058
    -9.3353 -24.3442 5.02051
    -9.32298 -55.555 93.2407
    -9.297 -28.829 0.600309
    -9.26772 -30.2979 3.57385
    -9.29763 -24.5505 1.45411
    -9.04343 -51.506 85.3331
    -8.89845 -55.6101 92.5564
    -9.2864 57.5696 7.12816
    -9.27933 -38.6608 51.4905
    -9.27104 59.0649 8.2886
    -9.26519 -43.8161 71.1423
    -9.25568 -37.3914 59.5845
    -9.24495 60.7674 10.5156
    -9.23772 -9.21338 41.9179
    -9.22788 54.3741 2.424
    -9.11284 -27.1287 4.22769
    -9.18521 -43.0597 70.8601
    -9.18496 -38.9337 63.4408
    -9.17838 61.0205 1.6403
    -9.17058 57.3595 1.33526
    -9.15717 -36.476 76.3621
    -9.14936 -48.5678 68.2942
    -9.08226 -24.5159 2.95941
    -9.14644 -51.7931 71.389
    -9.10183 -26.7272 1.23227
    -9.08054 -29.8748 1.3646
    -9.1301 -37.9976 61.5608
    -9.10907 -8.83359 42.2648
    -9.07792 -50.9321 83.4989
    -9.06639 28.0094 47.1284
    -9.06353 54.1859 57.981
    -9.0589 55.9245 6.25107
    -9.05695 50.3135 66.194
    -9.04646 55.3073 24.9668
    -9.04282 -17.475 32.5048
    -9.02891 -21.7783 75.2317
    -9.02549 -52.7202 87.7173
    -9.02549 55.2795 5.54345
    -9.02135 24.6669 48.6495
    -8.92439 62.1126 6.48297
    -9.00364 -14.911 33.4123
    -8.90824 -28.5785 2.59648
    -8.90138 -28.1626 1.85635
    -8.9722 -8.21395 42.3507
    -8.95259 -51.4098 84.1419
    -8.95063 -44.8549 69.6295
    -8.87715 -26.4505 2.72945
    -8.92942 60.8108 8.67923
    -8.92674 54.1018 29.3103
    -8.9265 -9.10962 73.3344
    -8.89699 -12.7484 73.9718
    -8.88138 11.6329 70.4883
    -8.8709 -54.24 89.8597
    -8.70729 -55.5143 91.8619
    -8.8509 58.3324 7.03038
    -8.8492 61.3687 2.53007
    -8.84895 53.2827 62.5874
    -8.84798 -17.4792 74.6275
    -8.82432 -41.4135 74.2188
    -8.82189 -44.1192 69.2301
    -8.81652 54.4124 3.75244
    -8.80799 51.8175 26.2179
    -8.74368 61.7258 4.07656
    -8.79213 60.1678 1.69596
    -8.77385 6.52004 70.102
    -8.76336 -39.0746 52.8026
    -8.75434 -1.84587 70.5431
    -8.75361 57.5709 1.55057
    -8.53473 -56.0919 93.5406
    -8.74313 -26.4935 76.0676
    -8.72898 56.0691 1.07069
    -8.65985 -55.0401 93.5225
    -8.67802 -44.8783 64.9629
    -8.67622 -5.20724 41.3526
    -8.67266 55.3751 1.46961
    -8.65242 -52.6041 87.8902
    -8.63754 54.309 26.6378
    -8.63437 52.6926 32.7753
    -8.37422 60.7209 5.88614
    -8.58602 54.5435 2.5524
    -8.6117 -42.9151 74.972
    -8.59341 -56.2412 93.2739
    -8.58756 12.2371 42.1975
    -8.5474 -54.5884 91.1009
    -8.57195 -45.7046 68.7519
    -8.57073 -46.8541 83.0382
    -8.56805 -45.3445 81.5111
    -8.40077 -55.9061 92.9425
    -8.56415 -5.81193 71.9274
    -8.54513 -52.1252 75.0174
    -8.49948 -12.9552 37.8674
    -8.49075 -51.0447 91.5117
    -8.45125 -44.8636 68.2111
    -8.44735 2.23236 70.2542
    -8.44694 -19.3476 34.3029
    -8.44564 48.598 28.5883
    -8.43833 53.6621 26.6554
    -8.41516 -40.464 78.4058
    -8.41443 -47.4386 84.1004
    -8.34472 60.2203 2.65804
    -8.38517 52.0472 37.3602
    -8.37566 -52.9245 72.5956
    -8.37005 -44.1777 80.582
    -8.36713 16.586 70.6885
    -8.35225 -47.1752 83.7095
    -8.34933 14.8981 43.4896
    -8.31545 -2.36598 39.9832
    -8.30836 55.7465 5.48736
    -8.28129 58.7891 5.63464
    -8.25984 56.5475 6.13159
    -8.25423 -51.3832 82.88
    -8.21662 60.5961 4.29574
    -8.2474 53.6404 45.6022
    -8.23935 -42.9397 79.7718
    -8.11543 57.0725 2.40698
    -8.21741 54.7394 3.84461
    -8.20985 54.4483 48.8014
    -8.20473 -38.7837 47.6127
    -8.10244 55.7034 4.32429
    -8.17924 -55.7417 92.1505
    -8.17571 52.4419 41.6581
    -7.79341 -51.4798 83.8042
    -8.04414 56.1497 1.42653
    -8.15498 21.8249 46.8234
    -8.14182 -39.3699 54.8889
    -8.13913 43.6922 32.1179
    -8.13279 -42.9897 63.1836
    -8.1267 18.2068 44.9724
    -8.11719 -52.0116 87.9004
    -8.10768 39.4765 36.1137
    -8.095 27.9051 70.8197
    -8.08842 -53.4051 77.6781
    -8.07866 -30.5202 77.6979
    -8.07671 -34.2859 43.9153
    -8.02772 58.898 4.07077
    -8.06867 36.2485 39.743
    -8.04599 31.4463 45.077
    -8.04526 33.0864 43.2377
    -8.00299 55.038 2.7242
    -7.97747 -52.9564 79.4796
    -7.96547 -10.7694 40.6816
    -7.96528 -48.1628 89.4332
    -7.9495 -19.7777 36.4398
    -7.93291 55.9617 3.19843
    -7.92261 24.719 47.0755
    -7.90139 52.6904 29.3332
    -7.86165 -36.479 45.3374
    -7.85799 -31.1752 41.8595
    -7.83702 -41.723 61.4023
    -7.83629 -52.1642 85.7427
    -7.83336 -52.9859 80.2263
    -7.79776 -47.1587 67.5166
    -7.78679 -39.8883 57.0749
    -7.77535 0.519135 38.9925
    -7.77167 -34.3814 79.6179
    -7.76387 -39.9634 48.8446
    -7.74119 -54.4965 93.1715
    -7.71597 -14.7133 36.8694
    -7.71339 54.4024 53.5275
    -7.71047 -40.7425 59.2865
    -7.602 -55.9255 92.2791
    -7.68535 -46.3567 66.9897
    -7.67681 -17.3842 35.4455
    -7.66072 26.1601 70.8348
    -7.64905 -10.6905 40.8872
    -7.63731 -54.0559 73.8021
    -7.60854 51.0318 29.0421
    -7.59732 -51.7016 84.3998
    -7.58291 -9.93332 41.2994
    -7.56782 -56.3574 92.5185
    -7.55051 -53.9857 90.162
    -7.48808 -47.1292 63.5835
    -7.47625 -26.8199 39.5027
    -7.43883 -54.4807 76.0008
    -7.42712 -52.0915 85.8643
    -7.42566 -55.4197 77.8944
    -7.30686 -54.7941 90.116
    -7.39177 3.1587 38.5233
    -7.36787 22.1677 70.8826
    -7.36055 -52.9947 81.2675
    -7.34397 -55.0054 92.9798
    -7.31691 34.4222 72.2854
    -7.31374 -40.7769 50.1545
    -7.25936 -38.3275 81.1604
    -7.25741 -47.0306 87.5622
    -7.24278 54.063 58.7128
    -7.23546 40.8903 71.6972
    -7.21084 -55.6228 92.7638
    -7.20714 -12.6371 40.0415
    -7.2023 -34.0106 43.6044
    -7.12696 6.04528 38.2724
    -7.12246 -17.3776 37.9804
    -7.11525 27.8056 46.1099
    -7.07845 -7.34627 39.9912
    -7.04893 -51.5758 91.9311
    -7.04478 -56.3178 76.6952
    -6.94651 50.6063 32.7618
    -6.92627 -45.323 61.8232
    -6.90531 -51.6409 85.9402
    -6.89238 45.2779 69.867
    -6.87312 -31.1137 41.553
    -6.8463 -40.8344 82.7439
    -6.84093 47.1974 32.6338
    -6.83666 -12.6014 40.2091
    -6.82751 -14.595 38.9008
    -6.82142 -52.7928 82.7198
    -6.8085 -17.3954 38.1945
    -6.7985 -56.1624 78.1822
    -6.79488 -21.523 37.4822
    -6.79046 -51.0603 68.8109
    -6.7273 -41.3399 52.3956
    -6.53283 -55.1274 90.3629
    -6.69463 -52.3193 69.7838
    -6.64318 74.3017 69.6183
    -6.634 -27.5403 39.6598
    -6.63359 -11.8244 40.2162
    -6.62001 49.8831 37.6062
    -6.61172 -54.7128 79.6864
    -6.58075 -42.9834 84.4152
    -6.57905 -52.4329 88.3505
    -6.53052 -45.1633 85.3572
    -6.52247 -53.6797 70.649
    -6.52053 79.2041 69.3066
    -6.4976 -55.9852 75.0342
    -6.48712 -41.9256 54.9835
    -6.48614 -43.8768 60.0175
    -6.41667 -52.9982 83.6203
    -6.46859 -55.5431 79.7176
    -6.44903 -14.6459 39.0612
    -6.44786 9.98647 38.4489
    -6.40565 -54.5028 80.5052
    -6.42909 51.194 46.6415
    -6.42226 49.6736 41.5708
    -6.42128 69.609 69.6321
    -6.41909 -48.1516 65.5017
    -6.2956 -53.2399 88.285
    -6.39739 -55.535 90.4429
    -6.39568 -57.3365 77.3716
    -6.39153 74.4865 65.9965
    -6.38641 -46.4864 85.6937
    -6.37642 -52.6548 91.8901
    -6.36544 -42.8997 57.5482
    -6.3118 -56.6908 79.9086
    -6.29156 -4.80901 38.6981
    -6.16397 -54.5777 81.6562
    -6.28034 25.4754 44.2194
    -6.24937 69.7061 66.305
    -6.2367 79.4462 65.6832
    -6.23109 83.6174 68.895
    -6.22889 -46.127 85.5015
    -6.22621 -53.8369 91.3776
    -6.2228 -49.0969 66.4027
    -6.21548 42.8444 37.1295
    -6.2106 -55.5109 90.6417
    -6.17744 -50.1833 67.6922
    -6.14452 -52.9408 85.2304
    -6.10307 14.0028 39.3855
    -6.10234 21.7642 42.4291
    -6.09429 52.9199 64.6361
    -5.73044 -53.2035 85.2495
    -6.08625 -57.0571 78.6915
    -6.0704 -54.2588 82.6617
    -5.7355 -58.104 78.6146
    -5.98676 83.9556 65.5154
    -5.90688 -55.927 80.9416
    -5.97921 -14.0544 39.275
    -5.96018 47.602 37.5945
    -5.95872 50.2147 67.1323
    -5.94848 -8.72459 74.0939
    -5.94774 44.4013 37.4614
    -5.94019 17.8481 40.8246
    -5.06898 -57.5226 75.6092
    -5.91531 28.2506 44.8578
    -5.90556 -39.0159 46.0084
    -5.89434 -56.0515 71.8394
    -5.87459 -31.0523 41.3223
    -5.85972 -36.5036 44.6846
    -5.85435 39.9878 40.4301
    -5.84363 -25.3867 78.3102
    -5.81705 -5.63344 73.4585
    -5.81574 -21.7879 37.3841
    -4.68437 -58.5194 73.0358
    -5.76194 -20.8044 76.2251
    -5.75487 51.9667 50.3464
    -5.74653 -9.81606 38.6123
    -5.74097 -33.5907 43.1221
    -5.73317 -40.5135 47.194
    -5.73292 87.5308 68.6961
    -5.72707 -53.9691 88.8224
    -5.69293 -52.1942 86.4447
    -5.66977 64.9838 69.4178
    -5.66587 -12.0333 74.5897
    -5.66099 64.7734 66.5807
    -5.6449 -55.446 82.5849
    -5.63075 12.0206 72.0954
    -5.53211 -53.0751 86.5842
    -5.49399 -58.1234 78.534
    -5.59832 -1.63763 72.2898
    -5.59174 -41.9244 48.531
    -5.5832 -29.0835 79.6876
    -5.55882 -57.3604 74.3319
    -5.54893 -28.4211 39.4789
    -5.54614 -16.5723 75.3636
    -5.54391 -17.5912 37.9635
    -5.52785 87.9299 65.6793
    -4.77421 -58.417 76.6093
    -5.50639 -52.6758 69.3573
    -5.48518 6.62538 71.2442
    -5.45543 -54.5714 88.9545
    -4.67335 -53.6644 87.7864
    -5.44763 50.2108 67.4925
    -5.423 -58.3295 80.196
    -5.41569 -54.2939 70.1901
    -5.40447 -51.4376 68.5088
    -5.36643 73.8816 72.579
    -5.36521 16.5477 72.322
    -5.35741 -32.6499 81.4067
    -5.34229 35.9093 43.8107
    -5.32668 -49.1208 90.7389
    -5.32303 42.3375 40.9854
    -5.32132 -49.5895 62.4047
    -5.21544 -53.7225 85.4436
    -5.27597 2.37622 71.4378
    -5.25109 -36.2205 83.3684
    -5.24061 -42.8861 50.8009
    -5.23573 78.7603 72.2656
    -4.70119 -58.7538 77.3872
    -5.20134 -58.1634 78.7221
    -5.17404 -47.8056 60.5138
    -5.16453 -2.0724 37.625
    -5.16356 -54.9815 69.2603
    -5.16282 -54.4756 84.3767
    -5.16161 -52.7762 90.1918
    -4.62502 -59.6446 80.3216
    -5.14283 -54.6345 89.092
    -5.12308 59.2902 66.9994
    -5.11625 -53.8945 68.4703
    -4.95611 -59.0779 79.0689
    -5.10186 27.5559 72.7472
    -5.09748 34.2473 73.4075
    -5.08162 45.6483 41.3555
    -5.0748 22.4691 72.269
    -5.06065 -50.4746 67.4154
    -5.03725 69.2564 72.3776
    -5.02616 -13.2585 37.774
    -5.02432 -43.6347 53.6631
    -5.02067 -39.3809 85.2925
    -5.01676 59.5574 69.1913
    -4.2897 -59.1637 81.247
    -4.97848 -56.0834 70.8794
    -4.96166 -46.0216 58.7045
    -4.86335 -58.6411 78.9817
    -4.93605 91.0599 68.6848
    -4.93361 -42.027 87.2496
    -4.92459 -58.3338 72.1976
    -4.9185 -54.9491 68.9523
    -4.9596 -57.1988 82.3492
    -4.90557 -56.7308 69.9645
    -4.89948 52.7506 54.9752
    -4.88948 83.1728 71.7258
    -4.61836 -58.394 77.9012
    -4.86973 50.1284 67.8743
    -4.86388 -44.7188 56.4085
    -4.84559 -57.5487 70.7058
    -4.84242 33.449 44.6778
    -4.83852 45.0597 70.7767
    -4.81267 -52.6997 67.8302
    -4.80219 55.2103 67.0796
    -4.79072 74.4956 62.9651
    -4.77341 -54.4044 68.1384
    -4.7678 -50.7477 90.8038
    -4.7622 91.4366 66.0189
    -4.75805 -48.8626 64.6093
    -4.74196 79.593 62.7115
    -4.71977 -48.2372 89.8514
    -4.68197 69.4798 63.583
    -4.66612 -49.677 65.7614
    -4.65125 40.3287 72.4285
    -4.61443 52.8945 60.1656
    -4.60672 -7.64138 37.3477
    -4.60478 -22.3937 37.0983
    -4.5959 -37.3156 44.0753
    -4.59029 -56.567 69.5246
    -4.58322 84.2062 62.8224
    -4.57425 -56.604 79.1163
    -4.56322 -47.6595 88.6575
    -4.53396 -55.0522 69.0338
    -4.51992 -17.6637 36.8718
    -4.47666 -59.7332 70.2557
    -4.46959 -58.6798 74.1071
    -4.35673 -54.1123 87.6772
    -4.45593 -39.3604 45.3545
    -4.43033 87.0611 71.3147
    -4.42082 52.1696 65.314
    -4.41862 55.0705 69.0099
    -4.41667 -34.536 42.5298
    -4.38177 -54.8649 86.0743
    -4.38473 -53.9391 67.6393
    -3.49273 -56.323 85.0977
    -4.28941 -54.6535 68.4936
    -4.08843 -61.5094 71.2885
    -4.32231 39.8188 44.2911
    -4.3206 52.7553 54.8911
    -4.30865 64.374 64.4047
    -4.30817 51.0145 50.8438
    -4.27755 -59.354 79.0153
    -3.97166 -56.7768 78.3528
    -4.28134 -54.2812 88.0828
    -4.2789 -47.3535 88.6734
    -4.18924 -58.1439 69.2461
    -4.27427 -51.3954 67.2554
    -4.24891 64.8658 71.9174
    -4.00001 -57.0482 79.4637
    -3.82674 -49.2713 89.8509
    -4.1743 -60.0678 72.6992
    -4.16308 52.9625 60.3594
    -4.16235 44.0568 44.75
    -4.15333 -52.0774 89.3018
    -4.13699 88.245 63.3186
    -4.13577 -58.8137 81.7732
    -4.11187 -56.5145 69.284
    -4.03423 -58.3559 82.7236
    -3.91726 -62.5488 69.5122
    -4.08383 -53.8243 69.4137
    -4.0514 -58.4858 75.4324
    -4.02068 -40.7093 46.64
    -4.01263 -55.3946 85.2911
    -4.00873 -32.0991 40.7581
    -3.99898 33.2854 44.2918
    -3.99678 0.375027 37.0861
    -3.8108 -59.0299 76.6966
    -3.98264 52.2615 65.5091
    -3.97581 58.9093 65.4052
    -3.95606 -42.2979 48.0131
    -3.94509 -45.6573 89.1667
    -3.64031 -58.7761 77.5226
    -3.88925 3.81366 36.8157
    -3.87061 -59.9791 79.6627
    -3.87413 94.3795 68.7439
    -3.86364 55.4022 65.5603
    -3.82564 -60.1716 68.4865
    -3.84682 -60.2373 73.7126
    -3.8317 90.6843 71.0323
    -3.55988 -59.2601 78.9301
    -3.61587 -54.5296 86.9802
    -3.74709 -64.275 70.5427
    -3.71641 -62.6306 68.4237
    -3.71954 59.6072 71.3166
    -3.71856 -56.3899 67.5773
    -3.71222 94.5514 66.5749
    -3.68589 48.0772 48.3283
    -3.67491 -43.5835 50.2679
    -3.50214 -51.6391 88.9842
    -3.49739 -60.5685 80.514
    -2.79097 -53.0745 66.8993
    -3.57182 -59.8513 74.6861
    -3.4868 -62.3549 72.7853
    -3.45337 -56.6586 67.6979
    -3.5903 8.36517 36.7274
    -3.58274 45.1299 71.6492
    -3.34831 -56.643 69.7802
    -3.51199 -58.5228 68.9928
    -3.52568 -62.1263 67.8404
    -3.32054 -55.2278 66.7812
    -3.24799 -66.07 68.762
    -3.23776 -48.8763 89.6776
    -3.45326 50.5317 70.5748
    -3.43936 -54.4712 68.5061
    -2.85341 -59.4132 77.6451
    -3.42948 -59.9538 79.1315
    -3.41961 91.7487 64.057
    -3.39937 39.2378 45.5305
    -3.22604 -66.7528 69.9724
    -3.02882 -56.9617 78.1442
    -3.33402 54.8589 70.7151
    -3.08149 -57.2789 79.3577
    -3.2994 -44.7483 52.9718
    -3.2916 -60.3628 68.1428
    -3.26526 -54.865 86.8197
    -3.26112 -53.2966 69.8162
    -3.33993 -53.5444 69.9972
    -3.06185 -65.5468 67.8567
    -3.24307 -59.2968 75.941
    -3.17107 -65.6265 71.3097
    -3.16894 -60.3492 81.5028
    -3.16212 43.614 46.48
    -3.1231 -50.6095 65.0655
    -3.09559 -59.0686 78.4906
    -3.13907 -58.0434 66.6493
    -3.1053 13.3695 37.3919
    -2.98138 -60.6447 79.5717
    -3.07994 -51.5978 88.9182
    -3.06629 -62.278 67.6553
    -3.06068 26.0587 41.4911
    -2.9028 -60.016 78.0115
    -3.05019 17.5636 38.5045
    -3.04226 -12.4696 36.5058
    -3.03423 -58.8045 77.9289
    -3.03435 -32.6646 40.6881
    -3.03361 21.9568 39.958
    -3.03215 -62.0992 74.2858
    -2.87928 -57.3203 66.0115
    -3.00801 94.2044 70.706
    -2.87563 -57.9234 67.018
    -2.9807 -30.0438 39.2138
    -2.94388 29.0535 42.4906
    -2.93071 -51.3271 66.5498
    -2.92242 -50.2028 63.6654
    -2.91169 -5.69074 74.0274
    -2.90682 -49.7663 59.5028
    -2.87731 -60.4182 68.2418
    -2.87585 -46.2521 55.5033
    -2.86439 -8.44516 74.4699
    -2.8639 -64.314 67.4293
    -2.84147 -63.8215 73.2963
    -2.78622 -68.3318 70.0716
    -2.82537 -51.5734 61.5423
    -2.82294 -60.5316 75.9705
    -2.74355 -59.2115 66.1781
    -2.81318 -58.7886 83.5296
    -2.80709 -47.7926 57.6977
    -2.70993 -66.1532 72.0618
    -2.79514 -59.7501 82.118
    -2.79863 -58.9842 69.1796
    -2.68016 -59.7202 77.2012
    -2.751 96.7506 68.6987
    -2.73979 33.3276 43.8736
    -2.73101 -11.4537 74.8264
    -2.62466 -57.2573 78.661
    -2.61574 -67.907 68.5392
    -2.71004 -35.3644 42.2628
    -2.70248 -54.3471 68.5332
    -2.68956 -48.1118 89.6999
    -2.65591 -60.7949 76.9873
    -2.63957 -15.8298 75.428
    -2.63664 -56.8484 85.4481
    -2.63128 -38.0966 43.7427
    -2.60981 -60.6702 78.296
    -2.59251 96.6799 67.1055
    -2.5769 -62.325 67.7039
    -2.56617 -54.5224 87.2337
    -2.56178 94.7089 65.0614
    -2.54935 -66.2584 67.5444
    -2.54642 -51.4968 89.036
    -2.53618 -5.82777 36.7469
    -2.52716 -54.697 66.292
    -2.5235 -1.69542 73.0808
    -2.52802 -60.9724 64.5568
    -2.51521 2.52009 72.2944
    -2.51493 -17.6712 35.8303
    -2.48132 -20.0415 76.449
    -2.47498 -62.1524 75.2037
    -2.47303 73.2135 74.2244
    -2.36296 -68.7497 71.1733
    -2.43349 -23.4823 36.763
    -2.41353 -39.8959 45.0911
    -2.2009 -61.2769 80.1726
    -2.39353 78.1261 73.9935
    -2.36452 16.6335 72.844
    -2.35232 -55.1873 69.2013
    -2.25146 -68.9109 69.1912
    -2.32331 -64.4013 67.3452
    -2.32063 -24.9482 78.9029
    -2.29405 68.7061 73.8896
    -2.17404 -65.4137 73.4527
    -2.26966 -54.5073 68.6961
    -2.26088 -56.7833 68.6887
    -2.2326 -53.9818 71.7277
    -2.2326 27.7551 73.3119
    -2.23065 12.2969 72.5973
    -2.22016 7.06161 71.963
    -2.21919 22.3889 72.9186
    -2.21748 -52.5056 71.866
    -2.20602 -58.3397 67.6685
    -2.20435 -56.7203 65.4833
    -2.14787 -61.8675 76.3786
    -2.17018 -62.5657 68.2086
    -2.16774 -52.2773 71.5434
    -2.16091 -27.9784 80.3757
    -2.15896 82.7159 73.2995
    -1.70885 -60.1218 63.4974
    -2.14335 39.266 45.3852
    -2.12517 -62.5073 63.817
    -1.45331 -68.1249 67.2617
    -2.12385 96.7881 70.1406
    -2.11409 -59.7771 66.1911
    -2.09922 79.4265 61.2409
    -1.94272 -69.6764 70.5932
    -2.09556 74.3283 61.4872
    -1.81737 -57.4335 67.1077
    -1.98667 -61.2836 78.4784
    -2.06654 -62.6364 64.0909
    -2.04855 -59.212 68.0578
    -2.05874 84.1616 61.4706
    -2.0546 -41.0961 46.6061
    -2.01913 -61.3143 64.6062
    -2.04923 69.2781 62.3391
    -2.03972 33.4339 73.7084
    -2.03094 -31.5114 82.472
    -1.98339 -34.8647 84.9334
    -1.9411 -60.8442 66.4722
    -1.97486 43.6291 46.5293
    -1.91442 -57.4523 69.1284
    -1.6494 -69.5714 69.562
    -1.91367 -55.4323 69.7148
    -1.9317 -61.5157 65.2506
    -1.92219 -66.5878 67.1701
    -1.90976 47.6885 48.7139
    -1.90098 -41.6242 88.2888
    -1.89293 64.5371 73.3924
    -1.89049 86.6412 72.8104
    -1.68967 -69.7816 71.3227
    -1.88513 64.1319 63.3477
    -1.54371 -64.7099 68.1236
    -1.86538 -56.259 67.8482
    -1.85026 88.3569 62.1989
    -1.84489 -57.2531 70.7906
    -1.83368 50.35 52.239
    -1.67451 -70.7919 70.5007
    -1.8138 -60.2574 65.425
    -1.78029 -62.7999 76.6082
    -1.791 52.5236 55.8623
    -1.78735 -42.6079 48.0955
    -1.78686 50.6758 72.1357
    -1.77369 -38.3694 86.957
    -1.70623 -59.0657 66.536
    -1.66936 -62.189 65.6078
    -1.1907 -69.2907 72.2607
    -1.73638 -44.8922 89.4744
    -1.73126 53.0569 61.1687
    -1.72712 58.6942 64.5361
    -1.54036 -66.4376 74.1184
    -1.70469 59.5155 72.7245
    -1.68518 39.8049 73.3644
    -1.67201 45.0811 72.5319
    -1.55147 -70.9583 69.8097
    -1.64982 55.2844 64.7705
    -1.63323 -61.7309 68.953
    -1.6191 96.6689 65.976
    -1.38572 -63.2611 64.5748
    -1.61325 -61.1212 65.2318
    -1.61325 54.9771 72.1871
    -1.08242 -68.9818 67.945
    -1.58789 90.413 72.5214
    -1.58691 -59.0029 69.8514
    -1.5674 52.1922 64.799
    -1.49937 -43.9244 50.3078
    -1.48864 91.9835 63.3213
    -1.45841 -66.642 67.3176
    -1.43353 -60.9705 80.3879
    -1.41622 -47.858 90.0513
    -1.40379 98.6189 68.7836
    -1.31418 -62.6218 64.0279
    -1.38647 -52.659 66.8068
    -1.22824 -63.6267 65.0582
    -1.38184 -59.0481 83.3645
    -1.26032 -70.1224 69.2531
    -1.3499 -51.3483 65.9031
    -1.27484 -70.5718 69.1837
    -1.27505 -64.2023 63.3254
    -1.29235 -59.7657 82.159
    -1.28089 -54.2027 66.1818
    -1.27797 -62.4121 64.7568
    -1.2748 98.4965 67.8407
    -0.883191 -71.5768 69.7189
    -0.80063 -51.5632 64.3068
    -1.21091 94.0854 71.9791
    -1.18116 -57.0998 85.5681
    -1.18177 -63.5841 62.9012
    -1.15726 -51.4832 89.2349
    -1.12678 -70.7254 71.5501
    -1.06361 -61.5706 78.6349
    -1.11581 -45.2786 52.7343
    -1.09362 -54.7835 87.7383
    -1.0785 94.925 64.5508
    -1.03803 -56.3085 65.2238
    -0.755936 -71.8524 70.6411
    -1.01998 98.7535 69.6185
    -0.667849 -70.708 70.1629
    -0.976823 -63.2736 77.04
    -0.831923 -62.236 62.3811
    -0.720713 -51.7599 72.028
    -0.565023 -71.9876 70.1068
    -0.632972 -59.4441 63.3352
    -0.539049 -52.0317 72.305
    -0.788147 -66.33 75.0608
    -0.541229 -63.7292 63.9676
    -0.809549 96.7611 70.9718
    -0.791993 -53.6802 72.071
    -0.317867 -69.2825 67.7235
    -0.698358 -46.8795 54.8462
    -0.215961 -69.6788 68.3327
    -0.548429 -69.4469 72.649
    -0.656417 -56.9896 70.7121
    -0.646664 -60.8664 80.711
    -0.634715 -58.7654 69.9035
    -0.626425 -57.3419 69.2749
    -0.620085 98.4999 67.2262
    -0.618134 -59.3836 67.9311
    -0.615696 -51.4719 63.0134
    -0.524669 -70.4395 69.9153
    -0.123497 -61.0179 62.4122
    -0.598871 -60.6408 69.0799
    -0.598627 -62.6635 68.5085
    -0.5601 -61.2694 65.8348
    -0.552541 -64.7595 68.175
    -0.305497 -70.3291 68.6021
    -0.532303 -66.9402 67.6007
    -0.529864 -55.1703 70.2388
    -0.522305 -48.7877 56.9188
    -0.520842 -68.4915 67.3247
    -0.309549 -63.1545 64.5571
    -0.370783 -64.1769 63.815
    -0.281258 -64.1816 64.3714
    -0.389512 96.8889 65.6578
    -0.484998 -50.7594 58.8976
    -0.431901 -64.7857 62.8108
    -0.47183 -52.4441 61.1275
    -0.0426218 -64.5166 62.2503
    -0.217964 -63.9786 63.2668
    -0.288911 -61.3826 78.958
    -0.339913 -51.9367 65.6246
    -0.321302 -71.5958 69.6541
    0.01845 -62.467 61.9528
    -0.0539283 98.9921 69.9879
    -0.188244 -53.8362 65.5274
    0.184597 100.023 69.1885
    -0.168249 -63.4896 77.1878
    -0.0265507 -70.8656 68.9248
    -0.126065 -55.982 65.2884
    0.381745 99.8546 68.3175
    -0.0747837 -66.217 75.4356
    0.0452424 -59.1124 63.328
    0.2188 -72.0894 70.6736
    -0.288481 -71.4678 71.4799
    0.0355419 -69.0411 73.1639
    0.190694 -63.9805 63.6393
    0.034625 -59.2126 67.6141
    0.135581 -55.5981 69.929
    0.0724158 -61.0837 65.4993
    0.116208 98.6712 67.113
    -0.0908843 -63.2324 62.0036
    0.797656 -68.5573 67.3526
    0.642757 -67.2174 67.8167
    0.645397 -64.6531 68.1897
    1.08438 -69.7294 68.1462
    1.51451 -69.2596 67.6777
    1.48566 -64.7827 62.5577
    0.635691 -64.6949 62.6886
    1.01953 -63.3772 61.954
    0.635691 -63.3965 77.108
    0.658602 -61.1243 79.132
    0.765134 -59.3113 63.2569
    0.635691 -53.7416 65.6664
    0.635935 -51.9277 62.733
    0.635935 -51.8601 64.3025
    0.636179 -58.545 83.1158
    0.636422 -56.8567 85.3237
    0.636422 -54.5829 87.5066
    0.636422 -51.4532 89.1386
    0.636422 -51.3061 58.4916
    0.636422 -49.205 56.5606
    0.636422 -47.7409 90.123
    0.636422 -47.1352 54.5412
    0.636422 -45.5669 52.606
    0.636422 -45.078 89.7097
    0.636422 -41.811 88.4617
    0.636422 -38.6165 87.1972
    0.636422 -34.7511 84.6378
    0.636422 -31.5249 82.4713
    0.636422 -27.8592 80.4177
    0.636422 -24.6617 78.9971
    0.636422 -19.5426 76.4124
    0.636422 -15.5363 75.2363
    0.636422 -11.1174 74.7589
    0.636422 1.57716 36.4126
    0.636422 6.19256 36.4875
    0.636422 7.36177 72.4619
    0.636422 12.4878 72.974
    0.636422 13.2747 37.1719
    0.636422 16.7191 73.3661
    0.636422 17.5787 38.0154
    0.636422 22.3084 73.5682
    0.636422 22.4569 39.2755
    0.636422 26.4447 40.6684
    0.636422 27.9541 73.8769
    0.636422 29.6066 41.8166
    0.636422 32.8306 74.0206
    0.636422 33.5614 43.305
    0.636422 39.1256 45.2638
    0.636422 39.2931 73.6577
    0.636422 43.3928 46.4761
    0.636422 44.6483 72.9067
    0.636422 47.5551 49.0255
    0.636422 49.4971 53.2954
    0.636422 50.5814 72.5307
    0.636422 51.2491 56.9364
    0.636422 51.884 64.6603
    0.636422 52.2471 61.008
    0.636422 54.964 72.6758
    0.636422 55.0164 64.5347
    0.636422 58.4211 64.2314
    0.636422 59.405 73.1705
    0.636422 64.0751 62.967
    0.636422 64.3355 73.8223
    0.636422 68.4244 74.3049
    0.636422 69.2552 61.9873
    0.636422 72.8857 74.6572
    0.636422 74.3051 61.0619
    0.636422 77.8327 74.4492
    0.636422 79.2422 60.8193
    0.636422 82.545 73.696
    0.636422 84.0099 61.0853
    0.636422 86.4869 73.181
    0.636422 88.313 61.8971
    0.636422 90.2964 72.8916
    0.636422 92.0454 63.1533
    0.636422 94.0169 72.2842
    0.636422 95.0213 64.481
    0.636422 96.7274 71.1418
    0.871318 99.7992 68.2584
    1.08152 100.052 69.215
    0.808758 100.128 68.9043
    0.636423 -44.0819 50.4571
    0.636423 -42.7098 48.4369
    0.636423 -41.3777 46.9375
    0.636423 -40.2931 45.3381
    0.636423 -38.6662 43.9546
    0.636423 -36.0354 42.483
    0.636423 -33.2915 41.0105
    0.636423 -30.827 39.5645
    0.636423 -24.0141 36.4499
    0.636423 -17.5438 35.3448
    0.636423 -11.6973 36.2609
    0.636423 -8.29373 74.4921
    0.636423 -5.68074 74.1842
    0.636423 -2.92242 36.4216
    0.636423 -1.41817 73.5838
    0.636423 2.67078 72.9781
    0.636666 -59.3858 82.1565
    0.636666 -52.9438 60.8588
    0.636666 -52.0398 72.4253
    0.636666 -51.6048 72.25
    0.63691 -60.4036 81.029
    0.580187 -57.1017 68.9188
    0.63691 -53.6065 72.202
    0.63691 -52.1918 65.5773
    0.623361 -71.9989 70.1615
    1.22068 -71.0446 71.8288
    0.666854 -70.4946 68.5359
    0.663873 -66.0437 75.4957
    1.09294 -64.1045 63.674
    0.637154 -64.0938 64.1455
    0.637154 -63.8098 63.2382
    0.637154 -63.096 64.4103
    0.637154 -62.4986 68.3725
    0.637154 -60.4204 68.9704
    1.15206 -59.218 67.5639
    0.854677 -58.1053 70.1522
    0.637154 -55.8625 65.4571
    1.29386 -56.6537 69.3142
    1.34052 -62.4758 61.9732
    1.43636 -61.0156 62.43
    1.42781 -64.555 62.3436
    1.29759 -70.6598 68.7263
    1.55926 -71.5799 69.6368
    1.61616 -64.7109 62.8618
    1.35389 -63.237 64.4759
    1.48701 98.7476 67.2493
    1.23529 -61.1268 65.4742
    1.60922 -64.1926 63.8158
    1.45432 -63.9943 63.2575
    1.69497 -64.1553 64.4294
    1.26842 -68.6084 73.4991
    1.80332 -72.0109 70.1444
    1.50286 -72.0678 70.7699
    1.27089 -59.1577 63.3096
    1.33495 -66.1242 75.5094
    1.39891 -55.982 65.2884
    1.44109 -63.4896 77.1878
    1.46109 -53.8362 65.5274
    1.52132 98.813 70.0389
    1.54214 -61.3871 78.955
    1.90553 -70.5062 70.1401
    1.57691 -51.7051 64.3167
    1.61276 -51.9367 65.6246
    1.85682 -63.6829 64
    1.7773 -51.7325 72.0809
    1.74468 -52.4441 61.1275
    1.75784 -50.7594 58.8976
    1.76613 96.7772 65.6054
    2.24244 -70.8494 71.6329
    1.90329 -69.0396 72.9067
    1.79515 -48.7877 56.9188
    1.79539 -68.4915 67.3247
    1.80368 -55.1703 70.2388
    1.79178 -70.2209 68.735
    1.8071 -66.9402 67.6007
    1.82709 -64.7595 68.175
    1.83465 -61.2694 65.8348
    1.93148 -52.0333 72.2842
    1.87342 -62.6635 68.5085
    1.87367 -60.6408 69.0799
    1.88854 -51.4719 63.0134
    1.89269 -59.3836 67.9311
    1.90049 -57.3419 69.2749
    2.00705 -58.0205 70.267
    1.91951 -60.8664 80.711
    2.49422 -69.5583 69.0584
    1.9712 -46.8795 54.8462
    2.10751 -71.549 69.7575
    1.96187 -59.4247 63.3659
    2.05874 -66.1202 75.2229
    2.06606 -53.6802 72.071
    2.08239 96.7611 70.9718
    1.89654 -62.5229 62.214
    2.59 -62.6646 63.9593
    2.51539 -68.9652 68.1144
    2.24967 -63.2736 77.04
    2.47957 -63.6504 65.0446
    2.31634 -71.6749 70.4262
    2.45211 -63.514 62.897
    2.29283 98.7535 69.6185
    2.31087 -56.3085 65.2238
    2.27894 -61.5269 78.7194
    2.35135 94.925 64.5508
    2.36647 -54.7835 87.7383
    2.54812 -70.1139 69.2653
    2.38866 -45.2786 52.7343
    2.65022 -63.3587 64.5623
    2.55335 -70.6076 69.1879
    2.51334 -69.1381 72.3012
    2.43011 -51.4832 89.2349
    2.45401 -57.0998 85.5681
    2.48375 94.0854 71.9791
    2.49717 -51.3744 64.452
    2.59901 -71.2787 69.7658
    2.54594 -61.3452 62.8515
    2.54764 98.4965 67.8407
    2.83127 -61.556 65.0873
    2.55374 -54.2027 66.1818
    2.66171 -64.087 63.3852
    2.5652 -59.7657 82.159
    2.98054 -62.1196 65.6459
    2.62274 -51.3483 65.9031
    2.65469 -59.0481 83.3645
    2.65932 -52.659 66.8068
    2.6698 -68.173 67.2601
    2.67663 98.6189 68.7836
    2.68907 -47.858 90.0513
    2.70638 -60.9705 80.3879
    2.7215 -55.38 69.9004
    2.7332 -66.642 67.3176
    3.23152 -60.6921 66.6086
    2.76149 91.9835 63.3213
    2.89385 -68.0736 72.4514
    2.77222 -43.9244 50.3078
    2.89834 -70.8837 70.4267
    3.15067 -57.3503 69.1936
    2.80392 -64.6973 68.1279
    2.81391 -59.2636 68.0594
    2.82508 -65.7412 74.6397
    2.84025 52.1922 64.799
    2.87869 -70.5056 69.7502
    2.86073 90.413 72.5214
    2.86146 -59.0029 69.8514
    2.85807 -62.8268 68.639
    2.88609 54.9771 72.1871
    2.89194 96.6689 65.976
    3.03561 -59.8928 63.6341
    2.92267 55.2844 64.7705
    2.98555 -69.8041 71.2838
    2.94486 45.0811 72.5319
    2.95241 -64.5898 75.3807
    2.95802 39.8049 73.3644
    3.5002 -61.3408 64.5551
    2.97753 59.5155 72.7245
    3.02864 -58.03 67.093
    2.99996 58.6942 64.5361
    3.00411 53.0569 61.1687
    3.00923 -44.8922 89.4744
    3.03573 -60.9824 64.9425
    3.04654 -38.3694 86.957
    3.22622 -69.6705 70.3972
    3.0597 50.6758 72.1357
    3.06019 -42.6079 48.0955
    3.06385 52.5236 55.8623
    3.07726 -62.7566 76.6109
    3.10371 -58.288 66.7282
    3.25101 -61.2769 78.5399
    3.10652 50.35 52.239
    3.1192 -57.2531 70.7906
    3.1231 88.3569 62.1989
    3.13968 -56.259 67.8507
    3.14993 -64.5744 67.8124
    3.15797 64.1319 63.3477
    3.16334 86.6412 72.8104
    3.16577 64.5371 73.3924
    3.17382 -41.6242 88.2888
    3.1826 47.6885 48.7139
    3.48148 -56.7511 65.4724
    3.19699 -66.5878 67.1701
    3.2065 -61.5157 65.2506
    3.2065 -55.4763 69.6631
    3.44095 -62.491 63.87
    3.24771 43.6291 46.5293
    3.25624 -34.8647 84.9334
    3.30379 -31.5114 82.472
    3.31257 33.4339 73.7084
    3.32208 69.2781 62.3391
    3.32744 -41.0961 46.6061
    3.33159 84.1616 61.4706
    3.48599 -61.2572 80.1614
    3.33939 -59.1332 68.064
    3.3411 -62.6364 64.0909
    3.35719 -56.1239 67.6905
    3.36841 74.3283 61.4872
    3.37206 79.4265 61.2409
    3.38889 -59.7771 66.1911
    3.39669 96.7881 70.1406
    3.51673 -68.9192 69.1913
    3.72538 -67.8254 68.1622
    3.41205 -65.9521 73.1237
    3.4162 39.266 45.3852
    3.41669 -52.2773 71.5434
    3.41554 -61.8525 76.4388
    3.63522 -68.7628 71.1645
    3.4318 82.7159 73.2995
    3.43375 -27.9784 80.3757
    3.42352 -61.9777 68.5172
    3.47887 -52.5056 71.866
    3.48057 -58.3397 67.6685
    3.49203 22.3889 72.9186
    3.49301 7.06161 71.963
    3.50349 12.2969 72.5973
    3.50544 27.7551 73.3119
    3.50617 -53.9818 71.7277
    3.53544 -56.7835 68.69
    3.54397 -54.5073 68.6961
    3.56689 68.7061 73.8896
    3.59347 -24.9482 78.9029
    3.78891 -63.0509 67.5153
    4.05225 -57.0904 65.9494
    3.93283 -67.3677 71.3334
    3.9292 -58.8433 66.4419
    3.62639 -55.1873 69.2013
    3.63736 16.6335 72.844
    3.66638 78.1261 73.9935
    3.68637 -39.8959 45.0911
    3.70442 -23.4733 36.763
    3.74587 73.2135 74.2244
    3.74782 -62.1524 75.2037
    3.75416 -20.0415 76.449
    3.79066 -60.8663 64.5345
    4.03371 -68.3917 70.0419
    3.78805 2.52009 72.2944
    3.79635 -1.69542 73.0808
    3.79854 -17.6445 35.8303
    4.0621 -53.1135 66.9058
    4.21233 -57.5943 66.1273
    3.80902 -5.82777 36.7469
    3.81927 -51.4968 89.036
    4.22422 -65.9941 67.851
    3.83463 94.7089 65.0614
    3.83902 -54.5224 87.2337
    3.87553 -60.6889 78.1531
    3.86535 96.6799 67.1055
    3.90412 -38.0966 43.7427
    3.95356 -56.8347 85.4476
    3.91241 -15.8298 75.428
    3.92875 -60.7949 76.9873
    3.8908 -57.2227 78.5452
    3.94342 -59.7492 77.192
    3.99781 -54.3678 68.488
    3.9624 -48.1118 89.6999
    4.21862 -58.752 66.405
    3.98288 -35.3644 42.2628
    3.98313 -67.9663 68.9604
    4.00385 -11.4537 74.8264
    4.01263 33.3276 43.8736
    4.02385 96.7506 68.6987
    4.67024 -58.5704 68.9888
    4.64826 -60.3814 79.7734
    4.06798 -59.7501 82.118
    4.26298 -65.3414 72.1139
    4.07993 -47.7926 57.6977
    4.08603 -58.7886 83.5296
    4.77532 -56.5661 67.7538
    4.09578 -60.5316 75.9705
    4.09822 -51.5734 61.5423
    4.11431 -63.8215 73.2963
    4.29694 -59.0279 77.9216
    4.13675 -64.314 67.4293
    4.13723 -8.44516 74.4699
    4.14869 -46.2521 55.5033
    4.15016 -60.4182 68.2418
    4.17966 -49.7663 59.5028
    4.23859 -60.0607 78.1733
    4.18454 -5.69074 74.0274
    4.38817 -56.9346 78.1315
    4.19527 -50.2028 63.6654
    4.20356 -51.3271 66.5498
    4.21673 29.0535 42.4906
    4.25354 -30.0438 39.2138
    4.36774 -59.0833 78.4517
    4.32665 -57.2852 79.3459
    4.28086 94.2044 70.706
    4.90618 -60.7898 73.8471
    4.30646 21.9568 39.958
    4.30719 -32.6646 40.6881
    4.32304 17.5636 38.5045
    4.33353 26.0587 41.4911
    4.33523 -12.4497 36.5058
    4.33913 -62.278 67.6553
    4.52773 -51.6619 88.8762
    4.37568 -56.7614 69.9189
    4.37815 13.3695 37.3919
    4.39595 -50.6095 65.0655
    4.43496 43.614 46.48
    4.44179 -60.3492 81.5028
    4.463 -48.6573 89.6885
    4.83598 -59.8361 74.7368
    4.47788 -53.2966 69.8162
    4.53082 -53.4696 70.062
    4.51613 -65.9652 68.6285
    4.47035 -66.8611 69.9443
    4.51592 -59.2968 75.941
    4.72618 -54.519 86.9894
    4.56444 -60.3628 68.1428
    4.57224 -44.7483 52.9718
    4.83809 -59.8779 79.265
    4.85286 -59.1772 76.6063
    4.60687 54.8589 70.7151
    4.69853 -58.9445 77.563
    4.64345 -63.4391 72.3066
    4.67222 39.2378 45.5305
    4.69246 91.7487 64.057
    4.72493 -59.1203 78.891
    4.79782 -60.5729 80.5486
    4.72611 50.5317 70.5748
    4.74732 -49.1116 89.7309
    4.77414 -55.7606 67.1243
    4.79853 -62.1263 67.8404
    4.85559 45.1299 71.6492
    4.86315 8.36517 36.7274
    4.95019 -61.2717 73.1682
    4.89558 -53.34 67.3513
    5.15052 -57.1076 79.4899
    5.23982 -51.7391 89.2839
    4.94776 -43.5835 50.2679
    4.95873 48.0772 48.3283
    4.98506 94.5514 66.5749
    4.9914 -56.3899 67.5773
    4.99238 59.6072 71.3166
    4.99397 -60.6195 68.3065
    5.06247 -62.6625 68.7133
    5.0739 -63.8214 70.6623
    5.02237 -57.5855 83.7405
    5.56986 -59.3533 79.0323
    5.06943 -54.5009 87.1757
    5.08894 -49.2484 89.8667
    5.15986 -58.706 77.5324
    5.10455 90.6843 71.0323
    5.31851 -56.7595 78.4075
    5.13649 55.4022 65.5603
    5.14697 94.3795 68.7439
    5.16209 3.81366 36.8157
    4.85995 -59.0926 77.1126
    5.21793 -45.6573 89.1667
    5.22891 -42.2979 48.0131
    5.24866 58.9093 65.4052
    5.25548 52.2615 65.5091
    5.26963 0.375027 37.0861
    5.27182 33.2854 44.2918
    5.28157 -32.0991 40.7581
    5.28548 -55.3946 85.2911
    5.29352 -40.7093 46.64
    5.32425 -58.4858 75.4324
    5.35668 -53.8243 69.4137
    5.43963 -61.3068 69.8049
    5.38057 -58.5187 82.3913
    5.42237 -54.6903 68.495
    5.38472 -56.5145 69.284
    5.39984 -60.9188 71.7133
    5.40862 -58.8137 81.7732
    5.40983 88.245 63.3186
    5.35386 -58.7443 69.0815
    5.43519 44.0568 44.75
    5.43593 52.9625 60.3594
    5.47128 -49.9353 90.1862
    5.58105 -54.9938 85.898
    5.52176 64.8658 71.9174
    5.54712 -51.3954 67.2554
    5.55175 -47.3535 88.6734
    5.55419 -54.2812 88.0828
    5.70413 -59.3561 80.8419
    5.58101 51.0145 50.8438
    5.5815 64.374 64.4047
    5.59345 52.7553 54.8911
    5.59515 39.8188 44.2911
    5.62295 -59.8903 71.4158
    5.64563 -56.1054 83.9834
    5.79445 -58.4121 77.835
    5.65758 -53.9391 67.6393
    5.68952 -34.536 42.5298
    5.69147 55.0705 69.0099
    5.69366 52.1696 65.314
    5.82967 -53.7504 87.7303
    5.70317 87.0611 71.3147
    5.72878 -39.3604 45.3545
    5.73122 -54.23 87.8251
    5.84588 -56.6055 79.1187
    5.74243 -58.6798 74.1071
    5.74682 -59.6216 79.6315
    5.80681 -55.0522 69.0338
    5.81607 -17.6184 36.8718
    6.01049 -58.7391 77.3549
    5.83607 -47.6595 88.6575
    5.85606 84.2062 62.8224
    5.86313 -56.567 69.5246
    5.86874 -37.3156 44.0753
    5.87191 -59.6794 80.287
    5.87313 -22.3577 37.0983
    5.8863 -7.6378 37.3477
    5.88727 52.8945 60.1656
    6.26336 -58.2177 72.3246
    5.92409 40.3287 72.4285
    5.93897 -49.677 65.7614
    5.95482 69.4798 63.583
    6.3799 -58.2335 76.7967
    5.99261 -48.2372 89.8514
    6.0148 79.593 62.7115
    6.03089 -48.8626 64.6093
    6.03504 91.4366 66.0189
    6.04065 -50.7477 90.8038
    6.04626 -54.4044 68.1384
    6.31316 -58.9425 78.9229
    6.06357 74.4956 62.9651
    6.07503 55.2103 67.0796
    6.08551 -52.6997 67.8302
    6.11136 45.0597 70.7767
    6.11526 33.449 44.6778
    6.11843 -57.5487 70.7058
    6.10494 -57.4575 82.3495
    6.13672 -44.7188 56.4085
    6.14257 50.1284 67.8743
    6.16232 83.1728 71.7258
    6.17232 52.7506 54.9752
    6.17842 -56.7308 69.9645
    6.36906 -54.9639 69.0648
    6.20646 -42.027 87.2496
    6.2089 91.0599 68.6848
    6.2345 -46.0216 58.7045
    6.4186 -53.8107 85.4141
    6.25133 -56.0834 70.8794
    6.26303 -57.6172 75.5521
    6.39236 -57.4898 81.1304
    6.28961 59.5574 69.1913
    6.29351 -39.3809 85.2925
    6.29717 -43.6347 53.6631
    6.31009 69.2564 72.3776
    6.3335 -50.4746 67.4154
    6.34716 -13.2181 37.774
    6.34764 22.4691 72.269
    6.35447 45.6483 41.3555
    6.48684 -58.1969 78.7146
    6.37032 34.2473 73.4075
    6.37471 27.5559 72.7472
    6.3891 -53.8945 68.4703
    6.39592 59.2902 66.9994
    6.41567 -54.6345 89.092
    6.43445 -52.7762 90.1918
    6.43567 -54.4756 84.3767
    6.43738 -2.0724 37.625
    6.44689 -47.8056 60.5138
    6.50858 78.7603 72.2656
    6.51345 -42.8861 50.8009
    6.52394 -36.2205 83.3684
    6.54881 2.37622 71.4378
    6.5671 -58.745 79.3689
    6.59416 -49.5895 62.4047
    6.59587 42.3375 40.9854
    6.59953 -49.1208 90.7389
    6.61513 35.9093 43.8107
    6.63025 -32.6499 81.4067
    6.63806 16.5477 72.322
    6.63928 73.8816 72.579
    6.82506 -58.0736 78.5599
    6.67732 -51.4376 68.5088
    6.68853 -54.2939 70.1901
    6.69585 -58.3295 80.196
    6.81897 -53.0616 86.5573
    6.72047 50.2108 67.4925
    6.92201 -54.2306 89.0627
    6.72828 -54.5714 88.9545
    6.75803 6.62538 71.2442
    6.77924 -52.6758 69.3573
    6.8007 87.9299 65.6793
    6.81606 -28.4159 39.4789
    6.81899 -16.5723 75.3636
    6.83167 -57.3604 74.3319
    6.84727 -17.546 37.9617
    6.85605 -29.0835 79.6876
    6.86458 -41.9244 48.531
    6.87116 -1.63763 72.2898
    6.9036 12.0206 72.0954
    6.91774 -55.446 82.5849
    6.93383 64.7734 66.5807
    6.93871 -12.0333 74.5897
    6.94261 64.9838 69.4178
    6.96578 -52.1942 86.4447
    6.97675 -53.2244 85.4842
    7.00577 87.5308 68.6961
    7.00601 -40.5135 47.194
    7.01381 -33.5907 43.1221
    7.02771 51.9667 50.3464
    7.18152 -55.9193 80.9464
    7.03478 -20.8044 76.2251
    7.06868 -56.7718 73.1454
    7.06868 -9.78993 38.6123
    7.08648 -21.7466 37.3841
    7.08989 -5.63344 73.4585
    7.30822 -53.3483 83.874
    7.11647 -25.3867 78.3102
    7.1272 39.9878 40.4301
    7.13256 -36.5036 44.6846
    7.14744 -31.0523 41.3223
    7.16719 -56.0515 71.8394
    7.1784 -39.0159 46.0084
    7.18816 28.2506 44.8578
    7.19255 -56.8601 75.8959
    7.21303 17.8481 40.8246
    7.22059 44.4013 37.4614
    7.22132 -8.72459 74.0939
    7.23156 50.2147 67.1323
    7.23303 47.602 37.5945
    7.2596 83.9556 65.5154
    7.24462 -57.5656 78.5674
    7.3052 -14.0189 39.2695
    7.35474 -54.3744 82.4684
    7.36714 52.9199 64.6361
    7.37518 21.7642 42.4291
    7.37592 14.0028 39.3855
    7.41737 -52.9408 85.2304
    7.58999 -53.3329 88.3785
    7.45029 -50.1833 67.6922
    7.48345 -55.5109 90.6417
    7.48833 42.8444 37.1295
    7.49564 -49.0969 66.4027
    7.49906 -53.8369 91.3776
    7.50174 -46.127 85.5015
    7.50393 83.6174 68.895
    7.50954 79.4462 65.6832
    7.52222 69.7061 66.305
    7.55319 25.4754 44.2194
    7.61513 -54.5372 80.7747
    7.5644 -4.80901 38.6981
    7.58464 -56.6908 79.9086
    7.63829 -42.8997 57.5482
    7.64926 -52.6548 91.8901
    7.65926 -46.4864 85.6937
    7.66438 74.4865 65.9965
    7.66852 -57.3365 77.3716
    7.67023 -55.535 90.4429
    7.69193 -48.1516 65.5017
    7.69413 69.609 69.6321
    7.6951 49.6736 41.5708
    7.70193 51.194 46.6415
    7.72071 9.98647 38.4489
    7.87636 -54.7329 79.6846
    7.75899 -43.8768 60.0175
    7.75996 -41.9256 54.9835
    7.77045 -55.9852 75.0342
    7.86406 -55.1362 90.3574
    7.77801 -14.6114 39.0536
    7.79337 79.2041 69.3066
    7.79532 -53.6797 70.649
    7.80337 -45.1633 85.3572
    7.84872 -52.4329 88.3505
    7.8536 -42.9834 84.4152
    7.88871 -27.5244 39.6598
    7.89286 49.8831 37.6062
    7.91602 74.3017 69.6183
    7.96747 -52.3193 69.7838
    7.96845 -11.798 40.2075
    8.00014 -41.3399 52.3956
    8.0633 -51.0603 68.8109
    8.06745 -21.4843 37.4821
    8.07135 -56.1624 78.1822
    8.09427 -52.7928 82.7198
    8.11378 47.1974 32.6338
    8.11841 -17.3609 38.1897
    8.11914 -40.8344 82.7439
    8.10378 -31.1054 41.5432
    8.15962 -14.5621 38.893
    8.16523 45.2779 69.867
    8.17327 -12.5743 40.199
    8.19912 -45.323 61.8232
    8.21936 50.6063 32.7618
    8.31763 -56.3178 76.6952
    8.32177 -51.5758 91.9311
    8.32738 -51.6409 85.9402
    8.3881 27.8056 46.1099
    8.39419 -7.33154 39.9912
    8.3998 6.04528 38.2724
    8.55028 -54.8419 90.1361
    8.43272 -17.3456 37.9756
    9.35135 -34.2568 43.8984
    8.49743 -55.4463 92.8672
    8.50831 40.8903 71.6972
    8.51562 54.063 58.7128
    8.53026 -47.0306 87.5622
    8.53221 -38.3275 81.1604
    8.54903 -12.6099 40.0314
    8.58658 -40.7769 50.1545
    8.58975 34.4222 72.2854
    8.6334 -52.9947 81.2675
    8.64071 22.1677 70.8826
    8.66461 3.1587 38.5233
    8.6968 -52.0915 85.8643
    8.6985 -55.4197 77.8944
    8.71167 -54.4807 76.0008
    8.72362 -26.8 39.5035
    8.75718 -56.3072 92.4796
    8.76093 -47.1292 63.5835
    9.45703 -54.9402 91.3219
    8.92122 -55.9371 92.3416
    8.97982 -51.6213 84.3291
    8.88138 51.0318 29.0421
    8.91016 -54.0559 73.8021
    8.92113 -9.91551 41.2887
    8.93357 26.1601 70.8348
    8.95819 -46.3567 66.9897
    8.98331 -40.7425 59.2865
    8.98599 -17.3599 35.4409
    8.98624 54.4024 53.5275
    8.99282 -10.6704 40.8759
    9.01403 -54.4965 93.1715
    9.03671 -39.9634 48.8446
    9.04451 -34.3814 79.6179
    9.04817 0.519135 38.9924
    9.04988 -14.6879 36.8618
    9.05963 -39.8883 57.0749
    9.26219 -51.3747 83.5211
    9.0706 -47.1587 67.5166
    9.10499 -52.1642 85.7427
    9.00896 -53.1805 79.8909
    9.10986 -41.723 61.4023
    9.13449 -36.479 45.3374
    9.17424 52.6904 29.3332
    9.33245 -55.7559 92.1124
    9.19545 24.719 47.0755
    9.24566 56.1914 2.74576
    9.22074 55.752 3.3645
    9.2369 -19.7547 36.4377
    9.23812 -48.1628 89.4332
    9.34451 56.3042 1.48269
    9.28343 54.9944 2.79275
    9.29884 55.7652 1.68785
    9.31469 -10.7494 40.6703
    9.3181 33.0864 43.2377
    9.31883 31.4463 45.077
    9.29049 58.8168 3.956
    9.34151 36.2485 39.743
    9.35151 -30.5202 77.6979
    9.36126 -53.4051 77.6781
    9.36784 27.9051 70.8197
    9.38052 39.4765 36.1137
    9.38296 -52.0116 87.9004
    9.39954 18.2068 44.9724
    9.40564 -42.9897 63.1836
    9.41198 43.6922 32.1179
    9.41466 -39.3699 54.8889
    9.42783 21.8249 46.8234
    9.44856 52.4419 41.6581
    9.44361 57.0699 4.89112
    9.47757 -38.7837 47.6127
    9.48269 54.4483 48.8014
    9.49025 54.7394 3.84461
    9.50123 57.1193 2.16968
    9.5122 -42.9397 79.7718
    9.52025 53.6404 45.6022
    9.49217 60.5677 4.11191
    9.64924 60.2706 2.59181
    9.53268 56.5475 6.13159
    9.54317 -55.7455 93.4731
    9.8675 -56.2343 93.451
    9.5812 55.7465 5.48736
    9.58828 -2.36598 39.9832
    9.61754 27.937 46.7609
    9.62217 14.8981 43.4896
    9.6251 -47.1752 83.7095
    9.63997 16.586 70.6885
    9.6429 -44.1777 80.582
    9.64851 -52.9245 72.5956
    9.64924 60.732 5.89726
    9.65802 52.0472 37.3602
    9.67362 -53.7041 90.043
    9.68728 -47.4386 84.1004
    9.68801 -40.464 78.4058
    9.7005 -55.9199 92.9874
    9.71117 53.6621 26.6554
    9.71849 48.598 28.5883
    9.72019 2.23236 70.2542
    10.0794 -44.1862 69.0443
    9.73751 -19.3316 34.301
    9.7636 -51.0447 91.5117
    9.81797 -52.1252 75.0174
    9.82309 -54.192 93.1408
    9.89679 54.5306 2.49351
    9.83699 -5.81193 71.9274
    9.8409 -45.3445 81.5111
    9.84358 -46.8541 83.0382
    9.8448 -45.7046 68.7519
    9.95473 -55.5279 91.9325
    9.84918 -12.936 37.8581
    9.8604 12.2371 42.1975
    9.88454 -42.9151 74.972
    9.89015 60.7381 7.10305
    9.90722 52.6926 32.7753
    9.91039 54.309 26.6378
    9.916 -52.6041 87.8902
    9.9455 55.3751 1.46961
    9.95087 -44.8783 64.9629
    9.97793 -5.20208 41.3511
    10.0009 -55.3236 93.5658
    10.0018 56.0691 1.07069
    10.0784 60.1522 1.6973
    10.016 -26.4935 76.0676
    10.0265 57.5709 1.55057
    10.0272 -1.84587 70.5431
    10.0199 61.6878 3.88667
    10.0362 -39.0746 52.8026
    10.0467 6.52004 70.102
    10.0808 51.8175 26.2179
    10.0894 54.4124 3.75244
    10.0972 -41.4135 74.2188
    10.1 -26.9865 2.19535
    10.1115 -28.5857 2.69398
    10.1208 -17.4792 74.6275
    10.1218 53.2827 62.5874
    10.122 61.3687 2.53007
    10.1237 58.3324 7.03038
    10.1364 -54.24 89.8597
    10.1641 -55.5729 92.5053
    10.2018 62.0639 6.34283
    10.1542 11.6329 70.4883
    10.1714 -26.6452 3.45863
    10.1698 -12.7484 73.9718
    10.3999 -51.5168 85.3706
    10.2661 -29.656 1.25284
    10.1993 -9.10962 73.3344
    10.1996 54.1018 29.3103
    10.2023 60.8108 8.67923
    10.2235 -44.8549 69.6295
    10.2254 -51.4098 84.1419
    10.2881 -52.7202 87.7173
    10.2942 24.6669 48.6495
    10.2983 55.2795 5.54345
    10.3018 -21.7783 75.2317
    10.3118 -8.20473 42.3387
    10.3183 -30.1506 2.07628
    10.3193 55.3073 24.9668
    10.3298 50.3135 66.194
    10.3317 55.9245 6.25107
    10.3347 -14.9013 33.4053
    10.3364 54.1859 57.981
    10.3332 -26.5665 1.24277
    10.3483 28.0155 47.1213
    10.3503 -17.4665 32.5007
    10.527 -50.7398 83.2637
    10.3151 -29.2673 3.62722
    10.362 -24.5471 2.5269
    10.3872 -24.5211 3.88707
    10.4029 -37.9976 61.5608
    10.4193 -51.7931 71.389
    10.4589 -28.7373 0.711183
    10.4222 -48.5678 68.2942
    10.43 -36.476 76.3621
    10.4434 57.3595 1.33526
    10.4346 -56.0347 92.9163
    10.4512 61.0205 1.6403
    10.4551 -8.8231 42.2531
    10.4578 -38.9337 63.4408
    10.4581 -43.0597 70.8601
    10.4856 -30.401 3.44325
    10.4912 62.2753 8.7597
    10.5414 54.3876 2.3203
    10.5178 60.7674 10.5156
    10.5285 -37.3914 59.5845
    10.5366 -24.5788 1.45791
    10.538 -43.8161 71.1423
    10.5439 59.0649 8.2886
    10.5522 -38.6608 51.4905
    10.5592 57.5696 7.12816
    10.59 -9.20228 41.9063
    10.6317 -55.8544 93.2714
    10.5978 -54.4678 89.8153
    10.6073 -30.2015 0.940965
    10.6136 -51.1774 81.058
    10.6104 -30.0431 4.29662
    10.6234 56.3763 23.2418
    10.637 -40.3494 65.2243
    10.6622 55.6874 1.04911
    10.6524 54.1178 24.0897
    10.6778 -30.6692 1.83854
    10.7528 56.2154 26.6155
    10.6931 -50.8423 70.3342
    10.7124 54.815 53.0367
    10.8165 -11.081 37.696
    10.7243 -31.4368 42.4301
    10.7419 60.3697 13.9269
    10.7511 21.8512 48.4598
    10.7516 62.288 10.8879
    10.7626 -34.3539 44.5152
    10.9804 -29.4453 0.262333
    10.7877 -49.6763 69.3193
    10.7894 54.3639 3.59468
    10.8009 -42.7422 66.7431
    10.8124 -37.0566 57.7869
    10.825 -54.4439 92.5182
    10.8353 55.6475 22.6554
    10.8421 -18.9917 31.8313
    10.8445 -26.2118 6.34495
    10.8487 -48.2186 85.769
    10.9781 54.77 2.10538
    10.8621 59.6347 17.931
    10.8816 56.972 25.4774
    10.8884 -36.3607 46.2438
    10.994 -24.7672 0.489425
    11.0696 56.7622 1.45877
    10.8967 -30.8928 3.26964
    10.9067 -23.9963 6.71729
    11.0347 55.5856 1.4543
    10.9165 45.5798 69.1474
    10.9389 -51.52 84.9317
    10.9467 57.9886 23.7795
    10.9474 -51.0464 76.9308
    10.9526 -51.0533 79.0968
    10.955 -38.1861 50.1537
    10.9611 57.1417 21.2921
    10.9689 18.7471 47.5254
    10.9517 -23.0975 2.93563
    10.9996 58.9232 21.988
    11.2014 -54.2662 89.5588
    11.0106 8.18766 41.265
    11.0203 -18.2168 27.5424
    11.0235 -41.9346 67.5125
    11.034 59.2151 9.88892
    11.0501 -49.7775 83.2272
    11.0681 -30.5592 4.39301
    11.0572 62.0996 2.67342
    11.0801 54.7816 49.0121
    11.0816 61.9546 14.5331
    11.083 -15.6148 28.311
    11.0891 -55.3756 91.9323
    11.1025 56.9291 6.97064
    11.112 -37.9457 49.0089
    11.2499 55.3325 6.00685
    11.1152 -27.5968 0.287961
    11.1235 53.2688 1.18188
    11.1259 -44.5437 76.3168
    11.1267 -23.3355 1.51813
    11.1454 -32.5865 74.1768
    11.2754 -52.5105 87.5637
    11.1471 -22.643 5.04943
    11.3052 54.7353 3.46886
    11.2496 59.3248 0.921693
    11.1535 -29.2623 5.33009
    11.1628 53.4534 41.5257
    11.1835 15.8347 46.8173
    11.2156 -49.5912 82.7458
    11.1847 -21.8868 35.6075
    11.1876 -30.4412 0.906583
    11.1932 -40.3675 69.2588
    11.1969 -23.135 36.834
    11.1988 -13.3829 33.308
    11.2125 24.8205 48.8419
    11.3233 62.9154 6.28506
    11.2142 58.188 8.05744
    11.2191 -27.3406 39.7157
    11.2301 -38.1739 72.5863
    11.2315 -27.0787 6.57928
    11.2318 -51.7631 90.5156
    11.24 52.8599 1.82586
    11.252 54.0882 0.692647
    11.2503 61.6271 1.61616
    11.2761 -22.7022 8.61461
    11.2764 53.7053 37.3397
    11.2905 -30.8333 1.6915
    11.2998 13.5746 45.3467
    11.3071 34.7996 70.8694
    11.3205 -36.8728 56.2188
    11.3237 58.3038 16.9398
    11.3247 -22.2341 6.68193
    11.3288 58.8808 13.1715
    11.3532 -37.6689 67.6678
    11.3588 41.6527 70.5527
    11.3783 54.4509 45.7468
    11.8653 -27.826 0.131621
    11.401 -24.5552 8.52585
    11.401 36.4312 35.666
    11.4129 -35.8274 65.8885
    11.4271 -10.1242 37.8849
    11.428 5.73439 41.2199
    11.431 -49.2169 88.0535
    11.441 33.6992 39.2021
    11.5718 55.0725 4.49804
    11.4544 61.3501 18.4048
    11.4719 -21.4048 8.47903
    12.062 58.4425 0.846148
    11.4824 -34.885 64.1126
    11.4863 -34.9335 70.7706
    11.607 60.5369 1.01293
    11.4992 -23.5576 0.611293
    11.5122 -31.0072 3.03726
    11.5171 63.3145 8.36053
    11.5185 53.0042 3.37205
    11.5385 58.2344 25.521
    11.5429 -51.2774 73.825
    11.5466 -19.5174 23.2223
    11.57 -3.60444 43.2221
    11.6297 56.7152 6.21429
    11.5978 -17.0488 23.4098
    11.6061 59.3967 24.0504
    11.7138 55.5697 5.38416
    11.6168 -10.1969 37.1624
    11.6387 58.4063 9.48975
    11.6431 1.93633 69.1208
    11.6556 40.8013 31.3961
    11.6646 13.7577 45.6463
    11.6668 -21.6298 33.7136
    11.6707 -19.9142 27.076
    11.6785 -28.1533 72.1944
    11.6975 -30.756 4.22037
    11.7498 -25.7182 -0.0632323
    11.7068 31.3593 42.6071
    11.7133 45.4562 27.9714
    11.7182 2.92413 41.4394
    11.7265 60.5738 22.4035
    11.7402 -32.3976 68.8655
    11.756 -34.4534 62.1904
    11.7587 54.9618 32.678
    11.7631 57.7357 7.36322
    11.7738 -21.1307 10.3642
    11.7784 54.3883 5.77534
    11.7843 -29.6161 5.20792
    11.7768 -30.1385 0.93708
    11.7953 63.5527 10.6202
    11.8058 -54.5416 89.6109
    11.8267 -23.0356 10.768
    11.8355 -18.1951 73.5494
    12.2057 57.4352 1.08959
    11.8406 18.8227 47.9918
    11.8416 55.0281 6.40493
    11.8423 21.7691 48.8506
    11.8462 -51.1291 84.7441
    11.8543 30.1003 44.4703
    11.8548 -0.088026 42.2087
    11.857 -36.6908 54.8852
    11.8806 -19.9462 13.4515
    11.8857 -27.7792 6.49808
    11.8872 16.0983 47.0055
    12.0161 -24.145 0.00613511
    11.8955 49.6546 25.4888
    11.9271 -22.0216 13.6321
    11.9091 -18.5428 17.979
    11.9179 -52.6704 87.2674
    11.9352 -13.8289 73.1932
    11.9391 -14.2798 28.1289
    11.9491 -20.5708 17.8084
    11.9674 -7.12476 43.8056
    11.9902 -29.4949 0.588423
    11.9833 -20.712 23.0256
    11.9706 -30.5102 1.33865
    12.0211 -7.24156 70.6553
    12.0518 56.4702 6.86164
    12.0547 -47.3954 68.9935
    12.0711 -22.7373 73.1337
    12.0762 -34.2573 60.681
    12.2287 -30.7614 2.71551
    12.1157 -54.27 89.6904
    12.1162 -11.964 33.0405
    12.1462 -7.99283 43.3267
    12.1562 52.6341 23.1143
    12.1625 16.4707 68.0294
    12.1649 55.7974 0.679082
    12.2054 -25.7658 8.45449
    12.1727 -10.3951 72.2444
    12.1796 58.1363 9.00354
    12.1937 -52.3485 87.1962
    12.213 54.014 0.335267
    12.2183 57.6796 7.72191
    12.2205 54.0174 21.5133
    12.2325 -31.2571 66.9441
    12.3733 -30.6116 3.71952
    12.2603 55.1156 20.0885
    12.2661 -45.8997 77.4014
    12.2705 -30.2886 -0.18265
    12.2739 56.4543 29.4107
    12.2805 -31.2808 0.292107
    12.3532 -29.5081 4.78688
    12.282 22.0002 68.1862
    12.2854 52.9457 0.849038
    12.29 57.3851 16.1793
    12.6918 -26.3733 -0.284937
    12.3071 63.4715 14.5819
    12.3212 -50.1381 80.592
    12.3244 57.8883 12.609
    12.3276 -36.4775 53.3241
    12.3315 -29.0982 -0.183625
    12.256 -22.4192 2.13016
    12.3605 -45.3111 72.3629
    12.3717 -31.8811 1.15798
    12.3866 -8.97136 37.9932
    12.3976 9.45855 43.6461
    12.4141 -8.6195 42.5898
    12.4163 -15.6321 23.1467
    12.4202 28.0092 47.2481
    12.4244 52.4834 1.59153
    12.4266 -50.4105 75.4919
    12.4405 -21.5233 4.89532
    12.4563 -21.5993 31.0225
    12.8397 -34.0519 58.6332
    12.5248 -20.9561 6.45931
    13.5402 58.7075 0.736345
    12.5434 -9.24007 36.7535
    12.5578 -21.7866 17.4953
    12.5717 -32.0433 2.77976
    12.5736 58.4189 27.1489
    13.0568 -27.4514 -0.25404
    12.6177 52.6207 3.13504
    12.6229 -3.62931 68.8494
    12.6248 -20.0105 8.36443
    12.6258 -22.8376 0.724191
    12.6887 16.6337 47.9922
    12.647 -46.3767 70.1276
    12.6768 56.4426 6.86945
    12.6841 -24.4201 10.4588
    12.7014 -13.0974 27.9879
    12.7077 -28.3369 6.26984
    12.7119 14.6194 47.1187
    12.7326 62.692 18.5665
    12.7389 25.7836 67.8785
    12.7497 54.0318 5.62172
    12.7594 -36.0147 51.4953
    12.7606 -17.1705 17.8318
    12.7694 10.9357 67.7848
    12.8243 -31.6801 4.23984
    12.7959 -22.8204 14.3822
    12.7787 -33.5285 45.9409
    12.7823 60.0429 25.8651
    12.7838 -30.8375 65.1087
    12.7955 18.9174 48.7243
    12.7982 51.787 61.4001
    12.8038 54.7799 6.28545
    12.8084 -27.2335 69.5544
    12.8099 -9.66435 35.1954
    12.8155 7.2579 43.5847
    12.8233 60.7671 0.958766
    12.8243 6.13209 67.5029
    12.8311 -19.3119 10.2925
    12.8335 -30.7338 43.2609
    12.8618 25.0753 48.578
    12.8643 19.0441 49.7668
    12.8672 21.7527 49.0228
    13.7192 -22.8874 0.0272235
    12.8701 -35.2454 48.4327
    12.8794 61.1802 24.5152
    12.883 -18.3619 12.5521
    12.8921 53.342 57.1671
    12.9186 -17.7052 14.637
    12.9294 -29.0584 -0.554506
    12.9406 61.7362 23.6876
    12.952 36.8069 35.8774
    12.9628 -30.4527 -0.580353
    12.9669 58.0293 9.04109
    12.9794 21.7052 52.668
    12.9879 -50.7941 72.5965
    13.0035 40.8088 31.3212
    13.0045 -48.6773 70.0425
    13.0081 57.5594 7.55269
    13.0237 -50.1425 77.93
    13.0364 -31.6543 -0.061949
    13.0379 19.2824 52.3161
    13.0496 55.9559 0.63641
    13.0528 48.819 65.0633
    13.0776 15.1703 48.7829
    13.138 62.1938 2.55636
    13.1047 -47.4405 78.5879
    13.1135 17.92 52.1744
    13.1205 -26.7641 40.1214
    13.1269 61.7681 1.54301
    13.1327 53.9494 52.7792
    13.1466 62.011 22.2399
    13.1184 20.3998 55.9016
    13.1522 28.966 67.8958
    13.1525 -32.3788 0.897318
    13.1549 -23.5428 38.0393
    13.1598 58.069 12.5634
    13.1669 -6.66439 46.9663
    13.1905 -21.8151 36.9388
    13.2047 -15.7333 72.0464
    13.2164 -22.948 71.2181
    13.2183 57.099 15.9491
    13.2276 21.7613 50.0813
    13.231 56.558 6.60439
    13.2371 42.0024 68.9884
    13.2376 53.9847 0.310883
    13.2388 25.175 49.4929
    13.2408 -8.86041 46.7697
    13.2425 0.4216 67.5168
    13.2754 -30.7277 63.7966
    13.2959 11.547 47.3983
    13.3034 53.7506 49.5517
    13.3059 18.2307 55.8442
    13.3103 33.8423 39.2187
    13.3198 57.4819 1.20261
    13.3773 62.8973 6.01041
    13.3334 22.9336 56.0671
    13.3422 -28.6367 6.2452
    13.3563 -21.8076 26.5617
    13.3646 -32.6009 2.62931
    13.3793 -18.97 72.0518
    13.3871 -2.28502 45.9392
    13.3883 -10.4859 69.1445
    13.3893 44.9107 67.7429
    13.3893 51.6734 41.7317
    13.408 4.49568 44.0626
    13.4102 -11.1523 32.8067
    13.4234 44.9141 27.739
    13.4239 52.6226 46.2296
    13.4285 16.1388 51.9342
    13.4358 -33.8062 57.0929
    13.4544 1.62617 44.828
    13.4892 16.2841 66.0584
    13.5022 -49.0989 80.1258
    13.5776 -26.7045 67.7155
    13.5121 63.1619 7.89918
    13.526 52.8335 0.738578
    13.5295 51.8099 37.4728
    13.5358 -12.9696 70.836
    13.5395 -30.8494 5.04284
    13.5446 -32.2049 4.0665
    13.5668 -9.46026 46.1009
    13.7088 56.2774 0.97189
    13.5992 -29.0309 -0.518174
    13.6158 20.4328 58.8456
    14.1302 57.8199 8.88763
    13.6289 57.3268 7.00502
    13.6482 16.6421 55.5984
    13.6494 49.3391 25.411
    13.6555 23.8254 53.351
    13.6585 -49.8102 71.2369
    13.6638 63.3377 10.2005
    13.6716 53.4417 32.6926
    13.6748 52.41 1.41889
    13.678 18.0483 58.9629
    13.6802 -26.4108 7.92113
    14.1444 -26.3103 -0.456672
    13.6889 -21.9929 22.8417
    13.6965 22.789 58.5572
    13.7158 -14.3395 22.8629
    13.7739 56.3016 5.76093
    13.7211 54.6894 5.8958
    13.7279 53.9208 5.26888
    14.0881 -30.6358 61.8663
    13.7319 11.4654 65.6985
    13.754 52.5351 2.79976
    13.7794 -30.491 -0.533292
    13.7801 52.339 22.829
    13.7855 -7.49881 67.7978
    13.7952 53.7775 21.2845
    13.796 8.72094 47.0567
    13.7982 60.3792 0.873178
    13.8004 54.9623 19.7401
    14.1092 57.9975 0.84039
    13.9064 55.1629 1.07537
    13.8343 -13.0193 27.7831
    13.8423 57.0064 15.8827
    13.8489 35.3139 67.8853
    13.8496 3.64175 65.7929
    13.8735 56.0259 29.3432
    13.8747 16.0703 59.0849
    13.9418 -33.5773 55.6445
    13.9418 -31.715 -0.065607
    13.9457 58.1851 12.527
    14.0275 55.3646 5.04351
    13.9489 12.9542 63.5274
    13.9762 -22.7222 69.7185
    13.9845 51.4819 32.5716
    14.3846 59.5245 0.847906
    13.9969 14.9425 61.009
    14.0008 -19.1519 8.19447
    14.0042 -4.33913 67.6863
    14.0254 16.4692 63.8519
    14.0284 49.7053 37.2717
    14.0437 56.0044 0.399885
    14.0505 -18.8727 70.8689
    14.0515 -1.07095 66.3245
    14.1362 53.9474 1.52827
    14.0715 17.1776 61.1748
    14.0759 -16.1295 17.5289
    14.1014 -27.4964 -0.269846
    14.0786 54.5177 4.06773
    14.0818 -20.2573 6.28643
    14.0874 58.1909 27.1579
    14.4357 -25.2347 -0.487262
    14.0891 -18.2351 9.9984
    14.0918 -32.4324 0.798318
    14.0713 -21.1821 4.12631
    14.1098 30.471 44.085
    14.1142 -22.8098 17.0561
    14.1486 8.88504 64.9241
    14.3397 -22.1019 0.857593
    14.1759 63.0546 14.1198
    14.1791 53.9335 2.78488
    14.1915 13.0223 51.3617
    14.2064 48.2291 37.2997
    14.2154 -17.1132 12.1583
    14.2237 -30.9077 4.7061
    14.2415 -9.41661 50.2496
    14.2632 -47.5398 71.1798
    14.2678 54.1739 28.9521
    14.373 53.9776 1.46244
    14.291 -1.6525 48.7668
    14.2915 -6.71925 50.3873
    14.2922 -16.508 14.2327
    14.2927 -28.8231 -0.133151
    14.2966 57.476 7.51416
    14.2973 -32.6902 2.41083
    14.3161 -21.0685 34.8296
    14.3297 50.0304 32.5438
    14.3373 -46.7831 73.557
    14.3414 -33.2632 54.3812
    14.3468 28.3866 47.7134
    14.3541 -26.3762 65.4893
    14.3673 20.4957 60.7791
    14.4382 53.9641 3.1132
    14.3751 49.659 41.8741
    14.38 -22.0878 68.4086
    14.3819 -32.2925 3.74805
    14.3951 56.1924 6.51759
    14.3973 -23.5908 14.1115
    14.4029 5.86972 47.2881
    14.4041 -25.0565 10.1345
    14.4063 -49.8343 73.9828
    14.4107 25.9324 50.2188
    14.4127 -24.4552 12.3227
    14.4305 -9.62241 40.8573
    14.438 -17.3056 69.5549
    14.4434 1.49376 64.4086
    14.4485 62.4089 18.2731
    14.5043 61.1393 23.8976
    14.4687 2.66688 47.7863
    14.4726 60.2907 25.1423
    14.4909 49.6227 60.9695
    14.4924 54.6046 5.79362
    14.4975 -8.67973 37.556
    14.5002 42.1287 31.7126
    14.5024 61.9675 21.9124
    14.5048 -20.7781 31.606
    14.5092 10.4571 62.9497
    14.5131 -28.6802 5.7095
    14.6434 -30.3341 60.1913
    14.5346 -10.2647 49.8294
    14.6846 -30.053 0.0783921
    14.5433 47.0199 63.5371
    14.5441 54.4578 0.431096
    14.5524 42.779 66.2874
    14.5631 -26.5005 7.65022
    14.5821 37.8547 36.6857
    14.5872 -49.2969 76.4626
    14.5907 46.9038 37.389
    14.7081 52.9943 28.7923
    14.6211 -8.93771 36.387
    14.6221 6.65049 63.6927
    14.7415 -22.0524 39.7147
    14.6433 -6.10088 66.608
    14.7462 -30.3986 4.20043
    14.6689 -27.9802 44.5893
    14.6719 9.84601 50.8287
    14.8582 -22.8378 -0.130327
    14.6865 58.5513 12.6136
    14.7566 56.125 26.3865
    14.7104 57.4858 15.9917
    14.9117 -31.0835 0.478139
    14.715 53.9693 5.10624
    14.7172 60.862 1.36842
    14.7184 -26.3218 64.3903
    14.7209 11.8489 60.1326
    14.7287 -1.41988 50.6656
    14.7323 51.4098 56.535
    14.7331 -21.4964 67.1399
    14.7377 -29.5517 46.6844
    14.7384 50.3866 46.4803
    14.7645 -3.25648 64.91
    14.7665 12.2695 59.0558
    14.7728 -32.7326 52.1747
    14.7806 48.8312 32.5392
    14.7845 56.4682 0.359163
    14.795 47.6597 41.9797
    14.8792 57.6533 7.73433
    14.7989 -9.4349 35.0235
    14.8074 53.2498 0.854647
    14.9551 -31.6471 1.0014
    14.8301 -31.2769 49.2066
    14.8472 49.8311 25.2182
    14.8484 -12.6821 66.4527
    14.8577 -6.99162 53.3546
    14.862 51.6151 52.9264
    14.8691 22.8271 60.6937
    14.8504 52.8225 22.7819
    14.8925 51.2654 50.4029
    14.8952 -28.6888 5.91262
    14.8952 55.1142 20.0261
    15.3054 -25.9207 -0.485764
    14.999 -31.6475 3.14904
    14.9006 13.2052 55.277
    14.9035 46.194 27.8916
    14.9084 21.5723 64.6359
    15.0703 -31.8712 2.10755
    15.1958 -23.9032 -0.271501
    14.9389 49.4881 46.2133
    14.9437 3.8951 62.3821
    14.9506 -10.9523 32.7857
    14.9659 -28.3215 -0.74592
    14.9693 -15.4351 67.9777
    14.9713 -1.14654 62.9848
    14.9891 52.7901 1.38524
    14.9945 58.2463 9.07303
    15.0269 3.1114 50.5324
    15.0301 -9.93282 53.0213
    15.0731 21.2127 62.7866
    15.0471 6.84142 50.6243
    15.0498 -21.375 22.74
    15.0613 -7.19718 55.259
    15.0666 7.99503 62.125
    15.0717 -21.1863 26.4837
    15.3975 -26.161 62.0402
    15.0854 56.3256 6.66657
    15.0969 52.7124 2.73124
    15.1025 -48.7329 72.2632
    15.1152 -10.4022 44.4189
    15.1828 58.2903 1.30786
    15.1539 -21.4147 65.8903
    15.161 -9.78335 55.0786
    15.1883 23.5954 64.0699
    15.2166 -13.0742 27.5805
    15.2207 -7.3686 57.7876
    15.2234 -9.33834 65.0904
    15.2434 -1.29308 54.1137
    15.2709 0.717679 60.7991
    15.2627 -1.45597 56.189
    15.2722 4.99043 60.9583
    15.2973 -4.3623 61.5211
    15.3068 -18.207 9.80942
    15.3234 -6.31546 63.3701
    15.3283 62.5052 13.8816
    15.3434 57.8089 24.2494
    15.3468 9.4961 59.2616
    15.3505 -48.1413 74.6338
    15.3544 -9.68045 56.8057
    15.3553 -2.52569 59.2333
    15.3558 62.6208 10.0867
    15.3658 -22.2265 0.423536
    15.3731 -29.7187 57.6972
    15.3814 59.2821 12.8191
    15.3826 -19.236 8.12888
    15.3875 61.266 1.97826
    15.3922 -30.7885 4.71024
    15.3929 10.2418 54.9323
    15.399 -14.7916 22.6308
    15.4004 54.7477 6.01576
    15.4299 -17.1875 11.8309
    15.4351 35.0291 40.5864
    15.4424 -15.9401 66.5673
    15.4565 -16.3819 17.1185
    15.4582 54.8262 0.289913
    15.4663 62.4162 7.79775
    15.4912 45.0711 61.779
    15.4948 25.8992 58.3726
    15.4975 56.8549 0.734921
    15.5002 -16.6835 13.854
    15.5087 -30.1308 -0.497935
    15.5116 -8.20644 60.0697
    15.5116 2.68492 57.2692
    15.5143 -11.362 52.5548
    15.515 -27.7397 -0.887104
    15.5353 7.10086 54.5853
    15.5385 61.5072 2.69466
    15.5392 43.3055 62.8039
    15.5399 62.1438 5.67072
    15.5402 3.31232 54.3231
    15.5421 46.8641 28.115
    15.5502 43.3299 32.1308
    15.5572 59.0227 22.7985
    15.5687 46.1267 60.822
    15.5826 61.8531 4.12393
    15.8049 61.3873 17.3411
    15.5894 -15.9242 64.9095
    15.5919 6.49127 58.3407
    15.5977 26.0011 63.6235
    15.6294 -22.5681 16.8535
    15.6304 -25.6417 45.0063
    15.6336 60.0722 21.5035
    15.6365 50.2837 25.285
    15.6416 43.8971 42.3016
    15.6536 36.8903 64.5447
    15.6694 54.0981 5.25133
    15.6716 51.2015 28.7456
    15.676 -12.4544 63.4513
    15.6809 -28.2937 5.96797
    15.6813 -20.4165 6.25765
    15.7148 53.2679 22.8736
    15.6928 59.0546 9.10961
    15.6989 56.6606 6.44931
    15.7072 -22.336 42.1504
    15.7074 -21.2463 40.4443
    15.7282 -9.89454 61.8195
    15.7284 26.1733 56.2639
    15.7798 -21.9814 1.11053
    15.7399 -20.6372 38.6159
    15.7504 54.2429 26.1728
    15.7547 26.4349 54.0198
    15.764 62.0814 13.7801
    15.774 46.9455 32.5348
    15.7747 -10.6063 59.1695
    15.7755 -27.1335 47.2264
    15.7767 58.3409 16.2641
    15.7835 27.8295 51.0484
    15.7835 53.6953 0.699564
    15.8096 25.9 61.0712
    15.8211 55.9288 20.0419
    15.8298 -32.1942 3.77975
    15.8396 -21.1185 4.73755
    15.8714 58.4702 7.39903
    15.8437 -25.166 -0.119495
    15.8708 -19.3519 32.0964
    15.9134 48.3396 56.8168
    15.871 -21.5445 3.30996
    15.8881 29.6631 48.4973
    15.9035 -28.9053 55.1924
    15.9084 -21.9817 62.959
    15.9176 44.3811 60.7439
    15.9201 -31.6431 0.120931
    15.9228 -26.1306 60.0778
    15.9418 -25.8444 7.4215
    15.9571 44.0277 37.4419
    15.9776 30.2332 63.4506
    15.9813 59.6277 13.0791
    15.9886 -11.8199 55.4597
    16.0965 57.2342 1.1818
    15.9976 -28.3961 50.9957
    16.0071 53.0115 1.24577
    16.0079 32.0881 44.8061
    16.022 -27.1333 -0.601323
    16.0225 -11.2764 40.8159
    16.0827 -12.3864 60.4669
    16.1575 57.8089 22.8553
    16.053 -32.6602 2.5981
    16.0666 -10.8697 38.2504
    16.0822 52.9145 2.6832
    16.0854 -23.3643 13.8613
    16.0895 -24.0838 45.0555
    16.2838 -18.1356 62.2065
    16.0971 -12.0062 43.8807
    16.1017 59.2765 1.58226
    16.1022 -32.4658 1.01655
    16.1034 45.7639 46.4527
    16.1054 -23.959 12.0554
    16.1225 -19.6379 26.8436
    16.1254 58.8803 16.6187
    16.1886 57.3926 5.93951
    16.2994 -15.3688 61.319
    16.1476 -24.3138 9.94305
    16.3402 -24.0198 -0.0151284
    16.6372 -31.7645 3.97199
    16.1693 38.6104 62.3555
    16.1756 42.5306 42.3821
    16.1766 -29.6224 -0.640825
    16.179 -12.5041 58.1624
    16.2156 48.4903 28.4332
    16.2163 40.3931 37.4631
    16.3006 45.3475 57.183
    16.2215 59.2029 21.2762
    16.4943 -27.1379 5.73834
    16.2395 48.8175 53.1366
    16.2407 61.2877 13.5855
    16.2422 55.1252 5.88921
    16.2446 40.6003 60.3845
    16.2458 -12.8331 32.7516
    16.2605 44.8768 32.3768
    16.2858 48.2355 50.9038
    16.2905 28.906 61.2519
    16.2966 60.387 17.3729
    16.3063 -22.5194 61.2114
    16.3075 55.2383 0.566916
    16.3209 -19.9422 22.5011
    16.3317 -10.8165 37.0022
    16.3899 -19.6939 9.01893
    16.5452 56.2053 1.39315
    16.3553 -26.1326 57.7659
    16.3597 28.4751 58.9778
    16.3612 51.7353 25.7207
    16.3634 -18.5484 11.6312
    16.3651 60.1804 13.3049
    16.4482 42.2443 56.9238
    16.3739 -14.5214 27.2832
    16.4372 61.6313 9.79782
    16.539 -26.1919 0.202279
    16.4148 -18.0681 13.5943
    16.4187 -17.6111 16.8854
    16.4268 59.5287 9.65922
    16.4312 -12.1362 49.0535
    16.5531 56.6851 5.17622
    16.4587 57.2417 0.898781
    16.4755 -15.9798 22.3135
    16.5014 42.1968 37.6881
    16.6378 40.262 56.6178
    16.5099 54.559 5.15745
    16.5287 42.3562 46.3913
    16.5287 54.2088 23.7059
    16.5299 31.8506 61.6557
    16.5519 43.1224 53.8552
    16.5545 -11.4515 35.7374
    16.568 -14.4921 57.7389
    16.5687 -21.4177 16.7811
    16.5692 40.8983 53.9847
    16.5701 43.0473 50.9694
    16.7634 38.0777 59.1116
    16.6087 45.7634 53.5414
    16.614 -19.0222 36.775
    16.6238 -26.2906 55.7789
    16.624 -23.0619 0.351359
    16.6613 54.3163 0.918288
    16.6687 45.4106 51.0011
    16.6723 -17.7516 32.438
    16.6794 -24.8709 47.7619
    16.6889 -31.1559 0.003888
    16.6982 28.709 56.754
    16.7057 -13.9996 54.9932
    16.7067 41.1243 50.8977
    16.8849 58.001 6.95583
    16.715 -15.3846 32.7531
    16.7191 -28.9531 -0.355533
    16.7206 30.0287 59.4501
    16.7301 38.3853 41.7232
    16.7797 55.9937 4.21581
    16.7581 -19.2002 38.9834
    16.7608 59.0868 7.95624
    16.7677 -29.6222 4.65001
    16.7681 40.3475 42.0287
    16.7691 55.7772 22.3243
    16.7694 -13.2237 52.1586
    16.7767 -18.1678 27.2801
    16.7877 -25.8658 51.6787
    16.8062 60.9705 10.1449
    16.8086 -23.0346 59.1366
    16.8242 -16.4153 27.3583
    16.8245 29.1138 54.6353
    16.833 60.1022 9.98109
    16.8513 59.6603 2.18674
    16.8608 -13.8552 39.5691
    16.862 -17.6201 57.861
    16.8625 -20.4487 59.0105
    16.9192 60.8026 6.13095
    16.8698 -19.5777 16.8654
    16.8735 53.5729 1.31136
    16.8771 33.8843 45.3262
    16.883 -19.2765 40.8739
    16.9425 55.5235 2.97668
    16.9079 -24.6495 7.53684
    16.9091 53.5022 2.5547
    16.9096 -13.954 41.7883
    16.9371 55.5266 1.97318
    16.9247 30.2518 51.9979
    16.9379 -22.3231 13.7221
    16.9432 57.3924 20.8317
    16.9525 -32.3134 2.6615
    17.0406 -28.3966 4.0825
    16.9635 -22.8876 10.0696
    16.9644 -20.128 42.8812
    16.9678 36.3519 45.7656
    16.9683 -14.6428 44.3974
    16.9696 -22.6886 11.8609
    16.9705 -21.4879 6.16304
    16.9708 -32.0813 0.983149
    17.0424 -27.391 0.411043
    16.9835 -14.013 38.1412
    17.0032 -17.9096 22.6542
    17.0308 -23.8078 55.9366
    17.0395 -18.0712 44.73
    17.0439 38.761 45.7953
    17.0512 -26.3628 5.91969
    17.0525 -21.1929 9.94988
    17.0647 -17.3387 37.0605
    17.1255 56.3382 0.998122
    17.0825 -20.9915 45.1843
    17.1508 55.9981 5.41895
    17.1193 -17.4188 41.1751
    17.0961 -16.7969 55.1293
    17.1063 -20.9114 55.4948
    17.101 32.8833 59.77
    17.1022 38.2314 56.0532
    17.1022 39.2926 53.7009
    17.1217 -20.4828 13.2368
    17.1173 -17.0998 38.9117
    17.1285 59.8886 2.89876
    17.129 31.824 49.2127
    17.1312 57.4043 0.995586
    17.1373 -14.5277 36.8347
    17.1767 60.1101 3.79407
    17.1676 -14.0774 48.7246
    17.1807 -25.4159 -0.111937
    17.1849 -22.8585 1.02241
    17.2285 -23.4306 51.9116
    17.239 31.3131 57.1441
    17.2409 -30.3632 0.22505
    17.2485 -15.6811 52.0201
    17.2544 59.5913 8.09669
    17.6477 59.6279 6.17595
    17.2897 36.9283 50.7116
    17.2975 -22.2221 4.67245
    17.3173 -22.1256 47.9511
    17.3886 -28.2763 0.715403
    17.3236 -30.9955 3.73732
    17.3236 34.46 50.2047
    17.3248 58.1532 6.85165
    17.4014 34.625 56.5828
    17.6141 -22.5909 6.66598
    17.3997 -22.7091 1.82952
    17.4457 -22.5373 3.1333
    17.4216 -23.2687 7.88919
    17.4302 -29.3949 3.11041
    17.4692 -16.5655 48.2611
    17.475 33.4134 52.854
    17.4804 -25.8836 6.25668
    17.496 -28.8732 1.14477
    17.4948 -20.9483 51.7289
    17.5002 35.9918 53.2325
    17.5141 -19.1907 48.096
    17.5287 -18.062 51.8021
    17.5421 -29.5471 2.14773
    17.5462 56.7357 6.24644
    17.5482 55.0766 3.19161
    17.5579 -31.2503 1.09775
    17.5811 -31.4946 2.5981
    17.6289 -29.0638 3.09432
    17.6482 57.5343 1.39329
    17.6769 -24.9531 -0.090478
    17.6969 58.9008 6.67584
    17.7247 -29.1362 2.13164
    17.8131 56.3545 1.25744
    17.744 -28.0718 4.73414
    17.7501 55.1083 2.10969
    17.7694 -25.2228 6.30618
    17.8198 -26.789 0.151898
    17.8449 57.8393 2.0202
    17.8564 56.1473 5.56807
    17.9859 -24.2297 6.19815
    18.0012 57.1727 6.21327
    18.1973 58.4217 3.86646
    18.0378 -24.5498 0.307712
    18.1336 58.0983 2.87047
    18.1875 -27.8492 0.598857
    18.3826 57.629 5.40365
    18.4635 56.7242 2.00387
    18.2809 -23.7242 4.68171
    18.2853 -27.5395 5.11624
    18.2892 55.2656 3.57054
    18.3351 -26.362 0.174819
    18.385 -24.2594 0.949499
    18.388 -29.0596 3.62052
    18.4116 55.327 2.37962
    18.4182 -28.59 1.26332
    18.4572 56.6465 5.66
    18.5582 -29.1321 2.47252
    18.6738 -24.087 2.95382
    18.6291 -24.1506 1.75612
    18.8063 -26.0028 0.753088
    18.6516 -26.7497 5.15623
    19.0882 -26.0024 3.87199
    18.7055 -27.3033 0.632751
    18.7393 56.7494 3.89679
    18.7647 56.6889 2.82243
    18.8727 55.7916 2.77318
    18.8971 55.7572 3.87095
    18.9949 -28.4442 3.93727
    19.0083 -28.0001 1.38622
    19.1475 -25.8831 1.7827
    19.1936 -28.4893 2.69808
    19.2417 -27.2033 1.67102
    19.2424 -26.0014 2.77976
    19.2836 -27.5249 4.03651
    19.4436 -27.5678 2.91339
